-60 -59 5 18
58 60 5 12
0.01  59.8722 59.8733   -59.9155 -58.9148
0.02  59.7444 59.7465   -59.831 -58.8296
0.03  59.6166 59.6198   -59.7465 -58.7444
0.04  59.4888 59.493   -59.662 -58.6592
0.05  59.3609 59.3663   -59.5775 -58.5739
0.06  59.2331 59.2395   -59.493 -58.4887
0.07  59.1053 59.1128   -59.4085 -58.4035
0.08  58.9775 58.986   -59.324 -58.3183
0.09  58.8497 58.8593   -59.2396 -58.2331
0.1  58.7219 58.7325   -59.1551 -58.1479
0.11  58.5941 58.6058   -59.0706 -58.0627
0.12  58.4663 58.4791   -58.9861 -57.9775
0.13  58.3385 58.3523   -58.9016 -57.8923
0.14  58.2107 58.2256   -58.8171 -57.8071
0.15  58.0828 58.0988   -58.7326 -57.7218
0.16  57.955 57.9721   -58.6481 -57.6366
0.17  57.8272 57.8453   -58.5636 -57.5514
0.18  57.6994 57.7186   -58.4791 -57.4662
0.19  57.5716 57.5918   -58.3946 -57.381
0.2  57.4438 57.4651   -58.3101 -57.2958
0.21  57.316 57.3383   -58.2256 -57.2106
0.22  57.1882 57.2116   -58.1411 -57.1254
0.23  57.0604 57.0849   -58.0566 -57.0402
0.24  56.9325 56.9581   -57.9721 -56.955
0.25  56.8047 56.8314   -57.8876 -56.8697
0.26  56.6769 56.7046   -57.8032 -56.7845
0.27  56.5491 56.5779   -57.7187 -56.6993
0.28  56.4213 56.4511   -57.6342 -56.6141
0.29  56.2935 56.3244   -57.5497 -56.5289
0.3  56.1657 56.1976   -57.4652 -56.4437
0.31  56.0379 56.0709   -57.3807 -56.3585
0.32  55.9101 55.9441   -57.2962 -56.2733
0.33  55.7822 55.8174   -57.2117 -56.1881
0.34  55.6544 55.6907   -57.1272 -56.1029
0.35  55.5266 55.5639   -57.0427 -56.0176
0.36  55.3988 55.4372   -56.9582 -55.9324
0.37  55.271 55.3104   -56.8737 -55.8472
0.38  55.1432 55.1837   -56.7892 -55.762
0.39  55.0154 55.0569   -56.7047 -55.6768
0.4  54.8876 54.9302   -56.6202 -55.5916
0.41  54.7598 54.8034   -56.5357 -55.5064
0.42  54.632 54.6767   -56.4513 -55.4212
0.43  54.5041 54.5499   -56.3668 -55.336
0.44  54.3763 54.4232   -56.2823 -55.2508
0.45  54.2485 54.2964   -56.1978 -55.1655
0.46  54.1207 54.1697   -56.1133 -55.0803
0.47  53.9929 54.043   -56.0288 -54.9951
0.48  53.8651 53.9162   -55.9443 -54.9099
0.49  53.7373 53.7895   -55.8598 -54.8247
0.5  53.6095 53.6627   -55.7753 -54.7395
0.51  53.4817 53.536   -55.6908 -54.6543
0.52  53.3538 53.4092   -55.6063 -54.5691
0.53  53.226 53.2825   -55.5218 -54.4839
0.54  53.0982 53.1557   -55.4373 -54.3987
0.55  52.9704 53.029   -55.3528 -54.3134
0.56  52.8426 52.9022   -55.2683 -54.2282
0.57  52.7148 52.7755   -55.1838 -54.143
0.58  52.587 52.6488   -55.0993 -54.0578
0.59  52.4592 52.522   -55.0149 -53.9726
0.6  52.3314 52.3953   -54.9304 -53.8874
0.61  52.2036 52.2685   -54.8459 -53.8022
0.62  52.0757 52.1418   -54.7614 -53.717
0.63  51.9479 52.015   -54.6769 -53.6318
0.64  51.8201 51.8883   -54.5924 -53.5466
0.65  51.6923 51.7615   -54.5079 -53.4613
0.66  51.5645 51.6348   -54.4234 -53.3761
0.67  51.4367 51.508   -54.3389 -53.2909
0.68  51.3089 51.3813   -54.2544 -53.2057
0.69  51.1811 51.2546   -54.1699 -53.1205
0.7  51.0533 51.1278   -54.0854 -53.0353
0.71  50.9254 51.0011   -54.0009 -52.9501
0.72  50.7976 50.8743   -53.9164 -52.8649
0.73  50.6698 50.7476   -53.8319 -52.7797
0.74  50.542 50.6208   -53.7474 -52.6945
0.75  50.4142 50.4941   -53.6629 -52.6092
0.76  50.2864 50.3673   -53.5785 -52.524
0.77  50.1586 50.2406   -53.494 -52.4388
0.78  50.0308 50.1138   -53.4095 -52.3536
0.79  49.903 49.9871   -53.325 -52.2684
0.8  49.7751 49.8604   -53.2405 -52.1832
0.81  49.6473 49.7336   -53.156 -52.098
0.82  49.5195 49.6069   -53.0715 -52.0128
0.83  49.3917 49.4801   -52.987 -51.9276
0.84  49.2639 49.3534   -52.9025 -51.8424
0.85  49.1361 49.2266   -52.818 -51.7571
0.86  49.0083 49.0999   -52.7335 -51.6719
0.87  48.8805 48.9731   -52.649 -51.5867
0.88  48.7527 48.8464   -52.5645 -51.5015
0.89  48.6249 48.7196   -52.48 -51.4163
0.9  48.497 48.5929   -52.3955 -51.3311
0.91  48.3692 48.4662   -52.311 -51.2459
0.92  48.2414 48.3394   -52.2265 -51.1607
0.93  48.1136 48.2127   -52.1421 -51.0755
0.94  47.9858 48.0859   -52.0576 -50.9903
0.95  47.858 47.9592   -51.9731 -50.905
0.96  47.7302 47.8324   -51.8886 -50.8198
0.97  47.6024 47.7057   -51.8041 -50.7346
0.98  47.4746 47.5789   -51.7196 -50.6494
0.99  47.3467 47.4522   -51.6351 -50.5642
1  47.2189 47.3254   -51.5506 -50.479
1.01  47.0911 47.1987   -51.4661 -50.3938
1.02  46.9633 47.072   -51.3816 -50.3086
1.03  46.8355 46.9452   -51.2971 -50.2234
1.04  46.7077 46.8185   -51.2126 -50.1382
1.05  46.5799 46.6917   -51.1281 -50.0529
1.06  46.4521 46.565   -51.0436 -49.9677
1.07  46.3243 46.4382   -50.9591 -49.8825
1.08  46.1964 46.3115   -50.8746 -49.7973
1.09  46.0686 46.1847   -50.7902 -49.7121
1.1  45.9408 46.058   -50.7057 -49.6269
1.11  45.813 45.9312   -50.6212 -49.5417
1.12  45.6852 45.8045   -50.5367 -49.4565
1.13  45.5574 45.6778   -50.4522 -49.3713
1.14  45.4296 45.551   -50.3677 -49.2861
1.15  45.3018 45.4243   -50.2832 -49.2008
1.16  45.174 45.2975   -50.1987 -49.1156
1.17  45.0462 45.1708   -50.1142 -49.0304
1.18  44.9183 45.044   -50.0297 -48.9452
1.19  44.7905 44.9173   -49.9452 -48.86
1.2  44.6627 44.7905   -49.8607 -48.7748
1.21  44.5349 44.6638   -49.7762 -48.6896
1.22  44.4071 44.537   -49.6917 -48.6044
1.23  44.2793 44.4103   -49.6072 -48.5192
1.24  44.1515 44.2836   -49.5227 -48.4339
1.25  44.0237 44.1568   -49.4382 -48.3487
1.26  43.8959 44.0301   -49.3538 -48.2635
1.27  43.768 43.9033   -49.2693 -48.1783
1.28  43.6402 43.7766   -49.1848 -48.0931
1.29  43.5124 43.6498   -49.1003 -48.0079
1.3  43.3846 43.5231   -49.0158 -47.9227
1.31  43.2568 43.3963   -48.9313 -47.8375
1.32  43.129 43.2696   -48.8468 -47.7523
1.33  43.0012 43.1428   -48.7623 -47.6671
1.34  42.8734 43.0161   -48.6778 -47.5818
1.35  42.7456 42.8893   -48.5933 -47.4966
1.36  42.6178 42.7626   -48.5088 -47.4114
1.37  42.4899 42.6359   -48.4243 -47.3262
1.38  42.3621 42.5091   -48.3398 -47.241
1.39  42.2343 42.3824   -48.2553 -47.1558
1.4  42.1065 42.2556   -48.1708 -47.0706
1.41  41.9787 42.1289   -48.0863 -46.9854
1.42  41.8509 42.0021   -48.0018 -46.9002
1.43  41.7231 41.8754   -47.9174 -46.815
1.44  41.5953 41.7486   -47.8329 -46.7297
1.45  41.4675 41.6219   -47.7484 -46.6445
1.46  41.3396 41.4951   -47.6639 -46.5593
1.47  41.2118 41.3684   -47.5794 -46.4741
1.48  41.084 41.2417   -47.4949 -46.3889
1.49  40.9562 41.1149   -47.4104 -46.3037
1.5  40.8284 40.9882   -47.3259 -46.2185
1.51  40.7006 40.8614   -47.2414 -46.1333
1.52  40.5728 40.7347   -47.1569 -46.0481
1.53  40.445 40.6079   -47.0724 -45.9629
1.54  40.3172 40.4812   -46.9879 -45.8776
1.55  40.1893 40.3544   -46.9034 -45.7924
1.56  40.0615 40.2277   -46.8189 -45.7072
1.57  39.9337 40.1009   -46.7344 -45.622
1.58  39.8059 39.9742   -46.6499 -45.5368
1.59  39.6781 39.8475   -46.5654 -45.4516
1.6  39.5503 39.7207   -46.481 -45.3664
1.61  39.4225 39.594   -46.3965 -45.2812
1.62  39.2947 39.4672   -46.312 -45.196
1.63  39.1669 39.3405   -46.2275 -45.1108
1.64  39.0391 39.2137   -46.143 -45.0255
1.65  38.9112 39.087   -46.0585 -44.9403
1.66  38.7834 38.9602   -45.974 -44.8551
1.67  38.6556 38.8335   -45.8895 -44.7699
1.68  38.5278 38.7067   -45.805 -44.6847
1.69  38.4 38.58   -45.7205 -44.5995
1.7  38.2722 38.4533   -45.636 -44.5143
1.71  38.1444 38.3265   -45.5515 -44.4291
1.72  38.0166 38.1998   -45.467 -44.3439
1.73  37.8888 38.073   -45.3825 -44.2587
1.74  37.7609 37.9463   -45.298 -44.1734
1.75  37.6331 37.8195   -45.2135 -44.0882
1.76  37.5053 37.6928   -45.1291 -44.003
1.77  37.3775 37.566   -45.0446 -43.9178
1.78  37.2497 37.4393   -44.9601 -43.8326
1.79  37.1219 37.3125   -44.8756 -43.7474
1.8  36.9941 37.1858   -44.7911 -43.6622
1.81  36.8663 37.0591   -44.7066 -43.577
1.82  36.7385 36.9323   -44.6221 -43.4918
1.83  36.6107 36.8056   -44.5376 -43.4066
1.84  36.4828 36.6788   -44.4531 -43.3213
1.85  36.355 36.5521   -44.3686 -43.2361
1.86  36.2272 36.4253   -44.2841 -43.1509
1.87  36.0994 36.2986   -44.1996 -43.0657
1.88  35.9716 36.1718   -44.1151 -42.9805
1.89  35.8438 36.0451   -44.0306 -42.8953
1.9  35.716 35.9183   -43.9461 -42.8101
1.91  35.5882 35.7916   -43.8616 -42.7249
1.92  35.4604 35.6649   -43.7771 -42.6397
1.93  35.3325 35.5381   -43.6927 -42.5545
1.94  35.2047 35.4114   -43.6082 -42.4692
1.95  35.0769 35.2846   -43.5237 -42.384
1.96  34.9491 35.1579   -43.4392 -42.2988
1.97  34.8213 35.0311   -43.3547 -42.2136
1.98  34.6935 34.9044   -43.2702 -42.1284
1.99  34.5657 34.7776   -43.1857 -42.0432
2  34.4379 34.6509   -43.1012 -41.958
2.01  34.3101 34.5241   -43.0167 -41.8728
2.02  34.1822 34.3974   -42.9322 -41.7876
2.03  34.0544 34.2707   -42.8477 -41.7024
2.04  33.9266 34.1439   -42.7632 -41.6171
2.05  33.7988 34.0172   -42.6787 -41.5319
2.06  33.671 33.8904   -42.5942 -41.4467
2.07  33.5432 33.7637   -42.5097 -41.3615
2.08  33.4154 33.6369   -42.4252 -41.2763
2.09  33.2876 33.5102   -42.3407 -41.1911
2.1  33.1598 33.3834   -42.2563 -41.1059
2.11  33.032 33.2567   -42.1718 -41.0207
2.12  32.9041 33.1299   -42.0873 -40.9355
2.13  32.7763 33.0032   -42.0028 -40.8503
2.14  32.6485 32.8764   -41.9183 -40.765
2.15  32.5207 32.7497   -41.8338 -40.6798
2.16  32.3929 32.623   -41.7493 -40.5946
2.17  32.2651 32.4962   -41.6648 -40.5094
2.18  32.1373 32.3695   -41.5803 -40.4242
2.19  32.0095 32.2427   -41.4958 -40.339
2.2  31.8817 32.116   -41.4113 -40.2538
2.21  31.7538 31.9892   -41.3268 -40.1686
2.22  31.626 31.8625   -41.2423 -40.0834
2.23  31.4982 31.7357   -41.1578 -39.9982
2.24  31.3704 31.609   -41.0733 -39.9129
2.25  31.2426 31.4822   -40.9888 -39.8277
2.26  31.1148 31.3555   -40.9043 -39.7425
2.27  30.987 31.2288   -40.8199 -39.6573
2.28  30.8592 31.102   -40.7354 -39.5721
2.29  30.7314 30.9753   -40.6509 -39.4869
2.3  30.6036 30.8485   -40.5664 -39.4017
2.31  30.4757 30.7218   -40.4819 -39.3165
2.32  30.3479 30.595   -40.3974 -39.2313
2.33  30.2201 30.4683   -40.3129 -39.1461
2.34  30.0923 30.3415   -40.2284 -39.0608
2.35  29.9645 30.2148   -40.1439 -38.9756
2.36  29.8367 30.088   -40.0594 -38.8904
2.37  29.7089 29.9613   -39.9749 -38.8052
2.38  29.5811 29.8346   -39.8904 -38.72
2.39  29.4533 29.7078   -39.8059 -38.6348
2.4  29.3254 29.5811   -39.7214 -38.5496
2.41  29.1976 29.4543   -39.6369 -38.4644
2.42  29.0698 29.3276   -39.5524 -38.3792
2.43  28.942 29.2008   -39.468 -38.2939
2.44  28.8142 29.0741   -39.3835 -38.2087
2.45  28.6864 28.9473   -39.299 -38.1235
2.46  28.5586 28.8206   -39.2145 -38.0383
2.47  28.4308 28.6938   -39.13 -37.9531
2.48  28.303 28.5671   -39.0455 -37.8679
2.49  28.1751 28.4404   -38.961 -37.7827
2.5  28.0473 28.3136   -38.8765 -37.6975
2.51  27.9195 28.1869   -38.792 -37.6123
2.52  27.7917 28.0601   -38.7075 -37.5271
2.53  27.6639 27.9334   -38.623 -37.4418
2.54  27.5361 27.8066   -38.5385 -37.3566
2.55  27.4083 27.6799   -38.454 -37.2714
2.56  27.2805 27.5531   -38.3695 -37.1862
2.57  27.1527 27.4264   -38.285 -37.101
2.58  27.0249 27.2996   -38.2005 -37.0158
2.59  26.897 27.1729   -38.116 -36.9306
2.6  26.7692 27.0462   -38.0316 -36.8454
2.61  26.6414 26.9194   -37.9471 -36.7602
2.62  26.5136 26.7927   -37.8626 -36.675
2.63  26.3858 26.6659   -37.7781 -36.5897
2.64  26.258 26.5392   -37.6936 -36.5045
2.65  26.1302 26.4124   -37.6091 -36.4193
2.66  26.0024 26.2857   -37.5246 -36.3341
2.67  25.8746 26.1589   -37.4401 -36.2489
2.68  25.7467 26.0322   -37.3556 -36.1637
2.69  25.6189 25.9054   -37.2711 -36.0785
2.7  25.4911 25.7787   -37.1866 -35.9933
2.71  25.3633 25.652   -37.1021 -35.9081
2.72  25.2355 25.5252   -37.0176 -35.8229
2.73  25.1077 25.3985   -36.9331 -35.7376
2.74  24.9799 25.2717   -36.8486 -35.6524
2.75  24.8521 25.145   -36.7641 -35.5672
2.76  24.7243 25.0182   -36.6796 -35.482
2.77  24.5964 24.8915   -36.5952 -35.3968
2.78  24.4686 24.7647   -36.5107 -35.3116
2.79  24.3408 24.638   -36.4262 -35.2264
2.8  24.213 24.5112   -36.3417 -35.1412
2.81  24.0852 24.3845   -36.2572 -35.056
2.82  23.9574 24.2578   -36.1727 -34.9708
2.83  23.8296 24.131   -36.0882 -34.8855
2.84  23.7018 24.0043   -36.0037 -34.8003
2.85  23.574 23.8775   -35.9192 -34.7151
2.86  23.4462 23.7508   -35.8347 -34.6299
2.87  23.3183 23.624   -35.7502 -34.5447
2.88  23.1905 23.4973   -35.6657 -34.4595
2.89  23.0627 23.3705   -35.5812 -34.3743
2.9  22.9349 23.2438   -35.4967 -34.2891
2.91  22.8071 23.117   -35.4122 -34.2039
2.92  22.6793 22.9903   -35.3277 -34.1187
2.93  22.5515 22.8636   -35.2432 -34.0334
2.94  22.4237 22.7368   -35.1588 -33.9482
2.95  22.2959 22.6101   -35.0743 -33.863
2.96  22.168 22.4833   -34.9898 -33.7778
2.97  22.0402 22.3566   -34.9053 -33.6926
2.98  21.9124 22.2298   -34.8208 -33.6074
2.99  21.7846 22.1031   -34.7363 -33.5222
3  21.6568 21.9763   -34.6518 -33.437
3.01  21.529 21.8496   -34.5673 -33.3518
3.02  21.4012 21.7228   -34.4828 -33.2666
3.03  21.2734 21.5961   -34.3983 -33.1813
3.04  21.1456 21.4693   -34.3138 -33.0961
3.05  21.0178 21.3426   -34.2293 -33.0109
3.06  20.8899 21.2159   -34.1448 -32.9257
3.07  20.7621 21.0891   -34.0603 -32.8405
3.08  20.6343 20.9624   -33.9758 -32.7553
3.09  20.5065 20.8356   -33.8913 -32.6701
3.1  20.3787 20.7089   -33.8068 -32.5849
3.11  20.2509 20.5821   -33.7224 -32.4997
3.12  20.1231 20.4554   -33.6379 -32.4145
3.13  19.9953 20.3286   -33.5534 -32.3292
3.14  19.8675 20.2019   -33.4689 -32.244
3.15  19.7396 20.0751   -33.3844 -32.1588
3.16  19.6118 19.9484   -33.2999 -32.0736
3.17  19.484 19.8217   -33.2154 -31.9884
3.18  19.3562 19.6949   -33.1309 -31.9032
3.19  19.2284 19.5682   -33.0464 -31.818
3.2  19.1006 19.4414   -32.9619 -31.7328
3.21  18.9728 19.3147   -32.8774 -31.6476
3.22  18.845 19.1879   -32.7929 -31.5624
3.23  18.7172 19.0612   -32.7084 -31.4771
3.24  18.5893 18.9344   -32.6239 -31.3919
3.25  18.4615 18.8077   -32.5394 -31.3067
3.26  18.3337 18.6809   -32.4549 -31.2215
3.27  18.2059 18.5542   -32.3705 -31.1363
3.28  18.0781 18.4275   -32.286 -31.0511
3.29  17.9503 18.3007   -32.2015 -30.9659
3.3  17.8225 18.174   -32.117 -30.8807
3.31  17.6947 18.0472   -32.0325 -30.7955
3.32  17.5669 17.9205   -31.948 -30.7103
3.33  17.4391 17.7937   -31.8635 -30.625
3.34  17.3112 17.667   -31.779 -30.5398
3.35  17.1834 17.5402   -31.6945 -30.4546
3.36  17.0556 17.4135   -31.61 -30.3694
3.37  16.9278 17.2867   -31.5255 -30.2842
3.38  16.8 17.16   -31.441 -30.199
3.39  16.6722 17.0333   -31.3565 -30.1138
3.4  16.5444 16.9065   -31.272 -30.0286
3.41  16.4166 16.7798   -31.1875 -29.9434
3.42  16.2888 16.653   -31.103 -29.8582
3.43  16.1609 16.5263   -31.0185 -29.7729
3.44  16.0331 16.3995   -30.9341 -29.6877
3.45  15.9053 16.2728   -30.8496 -29.6025
3.46  15.7775 16.146   -30.7651 -29.5173
3.47  15.6497 16.0193   -30.6806 -29.4321
3.48  15.5219 15.8925   -30.5961 -29.3469
3.49  15.3941 15.7658   -30.5116 -29.2617
3.5  15.2663 15.6391   -30.4271 -29.1765
3.51  15.1385 15.5123   -30.3426 -29.0913
3.52  15.0107 15.3856   -30.2581 -29.0061
3.53  14.8828 15.2588   -30.1736 -28.9208
3.54  14.755 15.1321   -30.0891 -28.8356
3.55  14.6272 15.0053   -30.0046 -28.7504
3.56  14.4994 14.8786   -29.9201 -28.6652
3.57  14.3716 14.7518   -29.8356 -28.58
3.58  14.2438 14.6251   -29.7511 -28.4948
3.59  14.116 14.4983   -29.6666 -28.4096
3.6  13.9882 14.3716   -29.5821 -28.3244
3.61  13.8604 14.2449   -29.4977 -28.2392
3.62  13.7325 14.1181   -29.4132 -28.1539
3.63  13.6047 13.9914   -29.3287 -28.0687
3.64  13.4769 13.8646   -29.2442 -27.9835
3.65  13.3491 13.7379   -29.1597 -27.8983
3.66  13.2213 13.6111   -29.0752 -27.8131
3.67  13.0935 13.4844   -28.9907 -27.7279
3.68  12.9657 13.3576   -28.9062 -27.6427
3.69  12.8379 13.2309   -28.8217 -27.5575
3.7  12.7101 13.1041   -28.7372 -27.4723
3.71  12.5822 12.9774   -28.6527 -27.3871
3.72  12.4544 12.8507   -28.5682 -27.3018
3.73  12.3266 12.7239   -28.4837 -27.2166
3.74  12.1988 12.5972   -28.3992 -27.1314
3.75  12.071 12.4704   -28.3147 -27.0462
3.76  11.9432 12.3437   -28.2302 -26.961
3.77  11.8154 12.2169   -28.1457 -26.8758
3.78  11.6876 12.0902   -28.0613 -26.7906
3.79  11.5598 11.9634   -27.9768 -26.7054
3.8  11.432 11.8367   -27.8923 -26.6202
3.81  11.3041 11.7099   -27.8078 -26.535
3.82  11.1763 11.5832   -27.7233 -26.4497
3.83  11.0485 11.4564   -27.6388 -26.3645
3.84  10.9207 11.3297   -27.5543 -26.2793
3.85  10.7929 11.203   -27.4698 -26.1941
3.86  10.6651 11.0762   -27.3853 -26.1089
3.87  10.5373 10.9495   -27.3008 -26.0237
3.88  10.4095 10.8227   -27.2163 -25.9385
3.89  10.2817 10.696   -27.1318 -25.8533
3.9  10.1538 10.5692   -27.0473 -25.7681
3.91  10.026 10.4425   -26.9628 -25.6829
3.92  9.89822 10.3157   -26.8783 -25.5976
3.93  9.77041 10.189   -26.7938 -25.5124
3.94  9.6426 10.0622   -26.7094 -25.4272
3.95  9.51479 9.9355   -26.6249 -25.342
3.96  9.38698 9.80876   -26.5404 -25.2568
3.97  9.25917 9.68201   -26.4559 -25.1716
3.98  9.13136 9.55527   -26.3714 -25.0864
3.99  9.00355 9.42852   -26.2869 -25.0012
4  8.87574 9.30178   -26.2024 -24.916
4.01  8.74793 9.17503   -26.1179 -24.8308
4.02  8.62012 9.04828   -26.0334 -24.7455
4.03  8.49231 8.92154   -25.9489 -24.6603
4.04  8.3645 8.79479   -25.8644 -24.5751
4.05  8.23669 8.66805   -25.7799 -24.4899
4.06  8.10888 8.5413   -25.6954 -24.4047
4.07  7.98107 8.41456   -25.6109 -24.3195
4.08  7.85325 8.28781   -25.5264 -24.2343
4.09  7.72544 8.16107   -25.4419 -24.1491
4.1  7.59763 8.03432   -25.3574 -24.0639
4.11  7.46982 7.90757   -25.273 -23.9787
4.12  7.34201 7.78083   -25.1885 -23.8934
4.13  7.2142 7.65408   -25.104 -23.8082
4.14  7.08639 7.52734   -25.0195 -23.723
4.15  6.95858 7.40059   -24.935 -23.6378
4.16  6.83077 7.27385   -24.8505 -23.5526
4.17  6.70296 7.1471   -24.766 -23.4674
4.18  6.57515 7.02036   -24.6815 -23.3822
4.19  6.44734 6.89361   -24.597 -23.297
4.2  6.31953 6.76686   -24.5125 -23.2118
4.21  6.19172 6.64012   -24.428 -23.1266
4.22  6.06391 6.51337   -24.3435 -23.0413
4.23  5.93609 6.38663   -24.259 -22.9561
4.24  5.80828 6.25988   -24.1745 -22.8709
4.25  5.68047 6.13314   -24.09 -22.7857
4.26  5.55266 6.00639   -24.0055 -22.7005
4.27  5.42485 5.87964   -23.921 -22.6153
4.28  5.29704 5.7529   -23.8366 -22.5301
4.29  5.16923 5.62615   -23.7521 -22.4449
4.3  5.04142 5.49941   -23.6676 -22.3597
4.31  4.91361 5.37266   -23.5831 -22.2745
4.32  4.7858 5.24592   -23.4986 -22.1892
4.33  4.65799 5.11917   -23.4141 -22.104
4.34  4.53018 4.99243   -23.3296 -22.0188
4.35  4.40237 4.86568   -23.2451 -21.9336
4.36  4.27456 4.73893   -23.1606 -21.8484
4.37  4.14675 4.61219   -23.0761 -21.7632
4.38  4.01893 4.48544   -22.9916 -21.678
4.39  3.89112 4.3587   -22.9071 -21.5928
4.4  3.76331 4.23195   -22.8226 -21.5076
4.41  3.6355 4.10521   -22.7381 -21.4224
4.42  3.50769 3.97846   -22.6536 -21.3371
4.43  3.37988 3.85172   -22.5691 -21.2519
4.44  3.25207 3.72497   -22.4846 -21.1667
4.45  3.12426 3.59822   -22.4002 -21.0815
4.46  2.99645 3.47148   -22.3157 -20.9963
4.47  2.86864 3.34473   -22.2312 -20.9111
4.48  2.74083 3.21799   -22.1467 -20.8259
4.49  2.61302 3.09124   -22.0622 -20.7407
4.5  2.48521 2.9645   -21.9777 -20.6555
4.51  2.3574 2.83775   -21.8932 -20.5703
4.52  2.22959 2.71101   -21.8087 -20.485
4.53  2.10178 2.58426   -21.7242 -20.3998
4.54  1.97396 2.45751   -21.6397 -20.3146
4.55  1.84615 2.33077   -21.5552 -20.2294
4.56  1.71834 2.20402   -21.4707 -20.1442
4.57  1.59053 2.07728   -21.3862 -20.059
4.58  1.46272 1.95053   -21.3017 -19.9738
4.59  1.33491 1.82379   -21.2172 -19.8886
4.6  1.2071 1.69704   -21.1327 -19.8034
4.61  1.07929 1.5703   -21.0483 -19.7182
4.62  0.951479 1.44355   -20.9638 -19.6329
4.63  0.823669 1.3168   -20.8793 -19.5477
4.64  0.695858 1.19006   -20.7948 -19.4625
4.65  0.568047 1.06331   -20.7103 -19.3773
4.66  0.440237 0.936568   -20.6258 -19.2921
4.67  0.312426 0.809822   -20.5413 -19.2069
4.68  0.184615 0.683077   -20.4568 -19.1217
4.69  0.0568047 0.556331   -20.3723 -19.0365
4.7  -0.0710059 0.429586   -20.2878 -18.9513
4.71  -0.198817 0.30284   -20.2033 -18.8661
4.72  -0.326627 0.176095   -20.1188 -18.7808
4.73  -0.454438 0.0493491   -20.0343 -18.6956
4.74  -0.582249 -0.0773964   -19.9498 -18.6104
4.75  -0.710059 -0.204142   -19.8653 -18.5252
4.76  -0.83787 -0.330888   -19.7808 -18.44
4.77  -0.96568 -0.457633   -19.6963 -18.3548
4.78  -1.09349 -0.584379   -19.6119 -18.2696
4.79  -1.2213 -0.711124   -19.5274 -18.1844
4.8  -1.34911 -0.83787   -19.4429 -18.0992
4.81  -1.47692 -0.964615   -19.3584 -18.0139
4.82  -1.60473 -1.09136   -19.2739 -17.9287
4.83  -1.73254 -1.21811   -19.1894 -17.8435
4.84  -1.86036 -1.34485   -19.1049 -17.7583
4.85  -1.98817 -1.4716   -19.0204 -17.6731
4.86  -2.11598 -1.59834   -18.9359 -17.5879
4.87  -2.24379 -1.72509   -18.8514 -17.5027
4.88  -2.3716 -1.85183   -18.7669 -17.4175
4.89  -2.49941 -1.97858   -18.6824 -17.3323
4.9  -2.62722 -2.10533   -18.5979 -17.2471
4.91  -2.75503 -2.23207   -18.5134 -17.1618
4.92  -2.88284 -2.35882   -18.4289 -17.0766
4.93  -3.01065 -2.48556   -18.3444 -16.9914
4.94  -3.13846 -2.61231   -18.2599 -16.9062
4.95  -3.26627 -2.73905   -18.1755 -16.821
4.96  -3.39408 -2.8658   -18.091 -16.7358
4.97  -3.52189 -2.99254   -18.0065 -16.6506
4.98  -3.6497 -3.11929   -17.922 -16.5654
4.99  -3.77751 -3.24604   -17.8375 -16.4802
5  -3.90533 -3.37278   -17.753 -16.395
5.01  -4.03314 -3.49953   -17.6685 -16.3097
5.02  -4.16095 -3.62627   -17.584 -16.2245
5.03  -4.28876 -3.75302   -17.4995 -16.1393
5.04  -4.41657 -3.87976   -17.415 -16.0541
5.05  -4.54438 -4.00651   -17.3305 -15.9689
5.06  -4.67219 -4.13325   -17.246 -15.8837
5.07  -4.8 -4.26   -17.1615 -15.7985
5.08  -4.92781 -4.38675   -17.077 -15.7133
5.09  -5.05562 -4.51349   -16.9925 -15.6281
5.1  -5.18343 -4.64024   -16.908 -15.5429
5.11  -5.31124 -4.76698   -16.8235 -15.4576
5.12  -5.43905 -4.89373   -16.7391 -15.3724
5.13  -5.56686 -5.02047   -16.6546 -15.2872
5.14  -5.69467 -5.14722   -16.5701 -15.202
5.15  -5.82249 -5.27396   -16.4856 -15.1168
5.16  -5.9503 -5.40071   -16.4011 -15.0316
5.17  -6.07811 -5.52746   -16.3166 -14.9464
5.18  -6.20592 -5.6542   -16.2321 -14.8612
5.19  -6.33373 -5.78095   -16.1476 -14.776
5.2  -6.46154 -5.90769   -16.0631 -14.6908
5.21  -6.58935 -6.03444   -15.9786 -14.6055
5.22  -6.71716 -6.16118   -15.8941 -14.5203
5.23  -6.84497 -6.28793   -15.8096 -14.4351
5.24  -6.97278 -6.41467   -15.7251 -14.3499
5.25  -7.10059 -6.54142   -15.6406 -14.2647
5.26  -7.2284 -6.66817   -15.5561 -14.1795
5.27  -7.35621 -6.79491   -15.4716 -14.0943
5.28  -7.48402 -6.92166   -15.3872 -14.0091
5.29  -7.61183 -7.0484   -15.3027 -13.9239
5.3  -7.73964 -7.17515   -15.2182 -13.8387
5.31  -7.76165 -7.20795   -15.2395 -13.8474
5.32  -7.77699 -7.23481   -15.2661 -13.8608
5.33  -7.79164 -7.26173   -15.2933 -13.8742
5.34  -7.8063 -7.28904   -15.3206 -13.8872
5.35  -7.8208 -7.31656   -15.348 -13.8999
5.36  -7.83513 -7.3443   -15.3757 -13.9124
5.37  -7.84928 -7.37228   -15.4034 -13.9247
5.38  -7.86326 -7.40049   -15.4314 -13.9368
5.39  -7.87705 -7.42896   -15.4596 -13.9486
5.4  -7.89065 -7.45768   -15.4879 -13.9601
5.41  -7.90407 -7.48666   -15.5165 -13.9713
5.42  -7.91729 -7.51591   -15.5452 -13.9823
5.43  -7.93032 -7.54544   -15.5742 -13.993
5.44  -7.94313 -7.57527   -15.6033 -14.0034
5.45  -7.95575 -7.60539   -15.6327 -14.0135
5.46  -7.96814 -7.63582   -15.6623 -14.0233
5.47  -7.98033 -7.66657   -15.6921 -14.0327
5.48  -7.99229 -7.69765   -15.7222 -14.0418
5.49  -8.00403 -7.72907   -15.7525 -14.0506
5.5  -8.01553 -7.76084   -15.783 -14.059
5.51  -8.02681 -7.79298   -15.8137 -14.067
5.52  -8.03784 -7.82549   -15.8447 -14.0747
5.53  -8.04863 -7.85838   -15.876 -14.0819
5.54  -8.05917 -7.89168   -15.9075 -14.0887
5.55  -8.06947 -7.92539   -15.9393 -14.0952
5.56  -8.0795 -7.95953   -15.9713 -14.1011
5.57  -8.08928 -7.99411   -16.0036 -14.1066
5.58  -8.09879 -8.02914   -16.0362 -14.1117
5.59  -8.10803 -8.06465   -16.0691 -14.1163
5.6  -8.117 -8.10064   -16.1022 -14.1203
5.61  -8.1257 -8.13713   -16.1356 -14.1239
5.62  -8.13411 -8.17415   -16.1693 -14.1269
5.63  -8.14225 -8.2117   -16.2033 -14.1294
5.64  -8.15009 -8.24981   -16.2376 -14.1313
5.65  -8.15765 -8.2885   -16.2722 -14.1326
5.66  -8.16491 -8.32777   -16.3072 -14.1333
5.67  -8.17188 -8.36766   -16.3424 -14.1333
5.68  -8.17855 -8.40819   -16.3779 -14.1328
5.69  -8.18492 -8.44936   -16.4137 -14.1315
5.7  -8.19099 -8.49122   -16.4499 -14.1296
5.71  -8.19676 -8.53377   -16.4863 -14.1269
5.72  -8.20223 -8.57705   -16.5231 -14.1235
5.73  -8.20739 -8.62108   -16.5602 -14.1193
5.74  -8.21226 -8.66588   -16.5976 -14.1143
5.75  -8.21681 -8.71147   -16.6353 -14.1086
5.76  -8.22107 -8.7579   -16.6734 -14.1019
5.77  -8.22503 -8.80517   -16.7117 -14.0944
5.78  -8.2287 -8.85332   -16.7504 -14.086
5.79  -8.23207 -8.90239   -16.7894 -14.0767
5.8  -8.23516 -8.95239   -16.8286 -14.0663
5.81  -8.23797 -9.00337   -16.8682 -14.055
5.82  -8.2405 -9.05534   -16.908 -14.0427
5.83  -8.24276 -9.10835   -16.9482 -14.0293
5.84  -8.24476 -9.16243   -16.9886 -14.0148
5.85  -8.24652 -9.21762   -17.0292 -13.9992
5.86  -8.24803 -9.27394   -17.0702 -13.9824
5.87  -8.24932 -9.33143   -17.1113 -13.9644
5.88  -8.25041 -9.39014   -17.1527 -13.9452
5.89  -8.25129 -9.4501   -17.1943 -13.9247
5.9  -8.252 -9.51134   -17.2361 -13.9029
5.91  -8.25255 -9.57391   -17.2781 -13.8797
5.92  -8.25297 -9.63785   -17.3202 -13.8551
5.93  -8.25327 -9.70319   -17.3625 -13.8291
5.94  -8.25349 -9.76999   -17.4048 -13.8015
5.95  -8.25365 -9.83827   -17.4472 -13.7725
5.96  -8.25378 -9.90809   -17.4897 -13.7419
5.97  -8.25392 -9.97949   -17.5322 -13.7097
5.98  -8.2541 -10.0525   -17.5746 -13.6758
5.99  -8.25436 -10.1272   -17.617 -13.6402
6  -8.25474 -10.2036   -17.6593 -13.6029
6.01  -8.2553 -10.2817   -17.7014 -13.5638
6.02  -8.25607 -10.3616   -17.7433 -13.5228
6.03  -8.25711 -10.4434   -17.7849 -13.48
6.04  -8.25848 -10.5271   -17.8262 -13.4353
6.05  -8.26023 -10.6126   -17.8672 -13.3886
6.06  -8.26243 -10.7001   -17.9077 -13.3399
6.07  -8.26515 -10.7897   -17.9477 -13.2892
6.08  -8.26846 -10.8812   -17.9872 -13.2364
6.09  -8.27244 -10.9748   -18.0259 -13.1815
6.1  -8.27717 -11.0706   -18.064 -13.1244
6.11  -8.28272 -11.1684   -18.1012 -13.0652
6.12  -8.2892 -11.2684   -18.1375 -13.0038
6.13  -8.29669 -11.3707   -18.1728 -12.9402
6.14  -8.3053 -11.4751   -18.2069 -12.8743
6.15  -8.31513 -11.5817   -18.2399 -12.8062
6.16  -8.32629 -11.6906   -18.2715 -12.7358
6.17  -8.33889 -11.8017   -18.3017 -12.6632
6.18  -8.35304 -11.915   -18.3304 -12.5882
6.19  -8.36886 -12.0306   -18.3573 -12.5111
6.2  -8.38649 -12.1484   -18.3825 -12.4317
6.21  -8.40605 -12.2684   -18.4057 -12.3501
6.22  -8.42767 -12.3906   -18.4269 -12.2662
6.23  -8.45148 -12.5149   -18.4459 -12.1803
6.24  -8.47761 -12.6413   -18.4625 -12.0922
6.25  -8.50622 -12.7698   -18.4767 -12.0021
6.26  -8.53743 -12.9002   -18.4883 -11.9101
6.27  -8.57139 -13.0325   -18.4971 -11.8161
6.28  -8.60823 -13.1667   -18.5031 -11.7204
6.29  -8.64809 -13.3025   -18.506 -11.6229
6.3  -8.69111 -13.44   -18.5058 -11.5239
6.31  -8.73741 -13.579   -18.5023 -11.4234
6.32  -8.78713 -13.7193   -18.4954 -11.3216
6.33  -8.84039 -13.8608   -18.485 -11.2186
6.34  -8.8973 -14.0034   -18.4709 -11.1146
6.35  -8.95798 -14.1469   -18.4531 -11.0098
6.36  -9.02251 -14.2912   -18.4315 -10.9043
6.37  -9.091 -14.4359   -18.4059 -10.7983
6.38  -9.16352 -14.581   -18.3764 -10.6921
6.39  -9.24014 -14.7262   -18.3427 -10.5859
6.4  -9.3209 -14.8714   -18.305 -10.4798
6.41  -9.40586 -15.0162   -18.2631 -10.3741
6.42  -9.49501 -15.1604   -18.2171 -10.2691
6.43  -9.58839 -15.3039   -18.1669 -10.165
6.44  -9.68596 -15.4463   -18.1126 -10.062
6.45  -9.78771 -15.5875   -18.0542 -9.96041
6.46  -9.89358 -15.7272   -17.9918 -9.86043
6.47  -10.0035 -15.8651   -17.9254 -9.76232
6.48  -10.1174 -16.001   -17.8551 -9.66634
6.49  -10.2352 -16.1347   -17.7811 -9.5727
6.5  -10.3567 -16.2659   -17.7034 -9.48165
6.51  -10.4818 -16.3944   -17.6222 -9.3934
6.52  -10.6103 -16.52   -17.5378 -9.30817
6.53  -10.7421 -16.6425   -17.4502 -9.22617
6.54  -10.877 -16.7617   -17.3617 -9.14504
6.55  -11.0135 -16.8791   -17.2733 -9.06391
6.56  -11.15 -16.9965   -17.1849 -8.98279
6.57  -11.2864 -17.1138   -17.0965 -8.90166
6.58  -11.4229 -17.2312   -17.008 -8.82053
6.59  -11.5594 -17.3485   -16.9196 -8.7394
6.6  -11.6959 -17.4659   -16.8312 -8.65828
6.61  -11.8324 -17.5832   -16.7428 -8.57715
6.62  -11.9689 -17.7006   -16.6544 -8.49602
6.63  -12.1053 -17.8179   -16.5659 -8.41489
6.64  -12.2418 -17.9353   -16.4775 -8.33377
6.65  -12.3783 -18.0527   -16.3891 -8.25264
6.66  -12.5148 -18.17   -16.3007 -8.17151
6.67  -12.6513 -18.2874   -16.2123 -8.09038
6.68  -12.7878 -18.4047   -16.1238 -8.00926
6.69  -12.9243 -18.5221   -16.0354 -7.92813
6.7  -13.0607 -18.6394   -15.947 -7.847
6.71  -13.1972 -18.7568   -15.8586 -7.76587
6.72  -13.3337 -18.8741   -15.7701 -7.68475
6.73  -13.4702 -18.9915   -15.6817 -7.60362
6.74  -13.6067 -19.1089   -15.5933 -7.52249
6.75  -13.7432 -19.2262   -15.5049 -7.44137
6.76  -13.8796 -19.3436   -15.4165 -7.36024
6.77  -14.0161 -19.4609   -15.328 -7.27911
6.78  -14.1526 -19.5783   -15.2396 -7.19798
6.79  -14.2891 -19.6956   -15.1512 -7.11686
6.8  -14.4256 -19.813   -15.0628 -7.03573
6.81  -14.5621 -19.9303   -14.9744 -6.9546
6.82  -14.6985 -20.0477   -14.8859 -6.87347
6.83  -14.835 -20.165   -14.7975 -6.79235
6.84  -14.9715 -20.2824   -14.7091 -6.71122
6.85  -15.108 -20.3998   -14.6207 -6.63009
6.86  -15.2445 -20.5171   -14.5322 -6.54896
6.87  -15.381 -20.6345   -14.4438 -6.46784
6.88  -15.5174 -20.7518   -14.3554 -6.38671
6.89  -15.6539 -20.8692   -14.267 -6.30558
6.9  -15.7904 -20.9865   -14.1786 -6.22445
6.91  -15.9269 -21.1039   -14.0901 -6.14333
6.92  -16.0634 -21.2212   -14.0017 -6.0622
6.93  -16.1999 -21.3386   -13.9133 -5.98107
6.94  -16.3363 -21.456   -13.8249 -5.89994
6.95  -16.4728 -21.5733   -13.7365 -5.81882
6.96  -16.6093 -21.6907   -13.648 -5.73769
6.97  -16.7458 -21.808   -13.5596 -5.65656
6.98  -16.8823 -21.9254   -13.4712 -5.57543
6.99  -17.0188 -22.0427   -13.3828 -5.49431
7  -17.1552 -22.1601   -13.2943 -5.41318
7.01  -17.2917 -22.2774   -13.2059 -5.33205
7.02  -17.4282 -22.3948   -13.1175 -5.25093
7.03  -17.5647 -22.5121   -13.0291 -5.1698
7.04  -17.7012 -22.6295   -12.9407 -5.08867
7.05  -17.8377 -22.7469   -12.8522 -5.00754
7.06  -17.9741 -22.8642   -12.7638 -4.92642
7.07  -18.1106 -22.9816   -12.6754 -4.84529
7.08  -18.2471 -23.0989   -12.587 -4.76416
7.09  -18.3836 -23.2163   -12.4986 -4.68303
7.1  -18.5201 -23.3336   -12.4101 -4.60191
7.11  -18.6566 -23.451   -12.3217 -4.52078
7.12  -18.793 -23.5683   -12.2333 -4.43965
7.13  -18.9295 -23.6857   -12.1449 -4.35852
7.14  -19.066 -23.8031   -12.0564 -4.2774
7.15  -19.2025 -23.9204   -11.968 -4.19627
7.16  -19.339 -24.0378   -11.8796 -4.11514
7.17  -19.4755 -24.1551   -11.7912 -4.03401
7.18  -19.612 -24.2725   -11.7028 -3.95289
7.19  -19.7484 -24.3898   -11.6143 -3.87176
7.2  -19.8849 -24.5072   -11.5259 -3.79063
7.21  -20.0214 -24.6245   -11.4375 -3.7095
7.22  -20.1579 -24.7419   -11.3491 -3.62838
7.23  -20.2944 -24.8592   -11.2607 -3.54725
7.24  -20.4309 -24.9766   -11.1722 -3.46612
7.25  -20.5673 -25.094   -11.0838 -3.38499
7.26  -20.7038 -25.2113   -10.9954 -3.30387
7.27  -20.8403 -25.3287   -10.907 -3.22274
7.28  -20.9768 -25.446   -10.8185 -3.14161
7.29  -21.1133 -25.5634   -10.7301 -3.06049
7.3  -21.2498 -25.6807   -10.6417 -2.97936
7.31  -21.3862 -25.7981   -10.5533 -2.89823
7.32  -21.5227 -25.9154   -10.4649 -2.8171
7.33  -21.6592 -26.0328   -10.3764 -2.73598
7.34  -21.7957 -26.1502   -10.288 -2.65485
7.35  -21.9322 -26.2675   -10.1996 -2.57372
7.36  -22.0687 -26.3849   -10.1112 -2.49259
7.37  -22.2051 -26.5022   -10.0228 -2.41147
7.38  -22.3416 -26.6196   -9.93433 -2.33034
7.39  -22.4781 -26.7369   -9.84591 -2.24921
7.4  -22.6146 -26.8543   -9.75749 -2.16808
7.41  -22.7511 -26.9716   -9.66907 -2.08696
7.42  -22.8876 -27.089   -9.58065 -2.00583
7.43  -23.024 -27.2063   -9.49222 -1.9247
7.44  -23.1605 -27.3237   -9.4038 -1.84357
7.45  -23.297 -27.4411   -9.31538 -1.76245
7.46  -23.4335 -27.5584   -9.22696 -1.68132
7.47  -23.57 -27.6758   -9.13854 -1.60019
7.48  -23.7065 -27.7931   -9.05012 -1.51906
7.49  -23.8429 -27.9105   -8.9617 -1.43794
7.5  -23.9794 -28.0278   -8.87327 -1.35681
7.51  -24.1159 -28.1452   -8.78485 -1.27568
7.52  -24.2524 -28.2625   -8.69643 -1.19456
7.53  -24.3889 -28.3799   -8.60801 -1.11343
7.54  -24.5254 -28.4973   -8.51959 -1.0323
7.55  -24.6618 -28.6146   -8.43117 -0.951173
7.56  -24.7983 -28.732   -8.34275 -0.870045
7.57  -24.9348 -28.8493   -8.25432 -0.788918
7.58  -25.0713 -28.9667   -8.1659 -0.707791
7.59  -25.2078 -29.084   -8.07748 -0.626663
7.6  -25.3443 -29.2014   -7.98906 -0.545536
7.61  -25.4807 -29.3187   -7.90064 -0.464408
7.62  -25.6172 -29.4361   -7.81222 -0.383281
7.63  -25.7537 -29.5534   -7.7238 -0.302154
7.64  -25.8902 -29.6708   -7.63537 -0.221026
7.65  -26.0267 -29.7882   -7.54695 -0.139899
7.66  -26.1632 -29.9055   -7.45853 -0.0587714
7.67  -26.2997 -30.0229   -7.37011 0.022356
7.68  -26.4361 -30.1402   -7.28169 0.103483
7.69  -26.5726 -30.2576   -7.19327 0.184611
7.7  -26.7091 -30.3749   -7.10485 0.265738
7.71  -26.8456 -30.4923   -7.01642 0.346866
7.72  -26.9821 -30.6096   -6.928 0.427993
7.73  -27.1186 -30.727   -6.83958 0.50912
7.74  -27.255 -30.8444   -6.75116 0.590248
7.75  -27.3915 -30.9617   -6.66274 0.671375
7.76  -27.528 -31.0791   -6.57432 0.752503
7.77  -27.6645 -31.1964   -6.4859 0.83363
7.78  -27.801 -31.3138   -6.39747 0.914757
7.79  -27.9375 -31.4311   -6.30905 0.995885
7.8  -28.0739 -31.5485   -6.22063 1.07701
7.81  -28.2104 -31.6658   -6.13221 1.15814
7.82  -28.3469 -31.7832   -6.04379 1.23927
7.83  -28.4834 -31.9005   -5.95537 1.32039
7.84  -28.6199 -32.0179   -5.86695 1.40152
7.85  -28.7564 -32.1353   -5.77852 1.48265
7.86  -28.8928 -32.2526   -5.6901 1.56378
7.87  -29.0293 -32.37   -5.60168 1.6449
7.88  -29.1658 -32.4873   -5.51326 1.72603
7.89  -29.3023 -32.6047   -5.42484 1.80716
7.9  -29.4388 -32.722   -5.33642 1.88829
7.91  -29.5753 -32.8394   -5.248 1.96941
7.92  -29.7117 -32.9567   -5.15958 2.05054
7.93  -29.8482 -33.0741   -5.07115 2.13167
7.94  -29.9847 -33.1915   -4.98273 2.2128
7.95  -30.1212 -33.3088   -4.89431 2.29392
7.96  -30.2577 -33.4262   -4.80589 2.37505
7.97  -30.3942 -33.5435   -4.71747 2.45618
7.98  -30.5306 -33.6609   -4.62905 2.53731
7.99  -30.6671 -33.7782   -4.54063 2.61843
8  -30.8036 -33.8956   -4.4522 2.69956
8.01  -30.9401 -34.0129   -4.36378 2.78069
8.02  -31.0766 -34.1303   -4.27536 2.86182
8.03  -31.2131 -34.2476   -4.18694 2.94294
8.04  -31.3495 -34.365   -4.09852 3.02407
8.05  -31.486 -34.4824   -4.0101 3.1052
8.06  -31.6225 -34.5997   -3.92168 3.18632
8.07  -31.759 -34.7171   -3.83325 3.26745
8.08  -31.8955 -34.8344   -3.74483 3.34858
8.09  -32.032 -34.9518   -3.65641 3.42971
8.1  -32.1684 -35.0691   -3.56799 3.51083
8.11  -32.3049 -35.1865   -3.47957 3.59196
8.12  -32.4414 -35.3038   -3.39115 3.67309
8.13  -32.5779 -35.4212   -3.30273 3.75422
8.14  -32.7144 -35.5386   -3.2143 3.83534
8.15  -32.8509 -35.6559   -3.12588 3.91647
8.16  -32.9874 -35.7733   -3.03746 3.9976
8.17  -33.1238 -35.8906   -2.94904 4.07873
8.18  -33.2603 -36.008   -2.86062 4.15985
8.19  -33.3968 -36.1253   -2.7722 4.24098
8.2  -33.5333 -36.2427   -2.68378 4.32211
8.21  -33.6698 -36.36   -2.59535 4.40324
8.22  -33.8063 -36.4774   -2.50693 4.48436
8.23  -33.9427 -36.5948   -2.41851 4.56549
8.24  -34.0792 -36.7121   -2.33009 4.64662
8.25  -34.2157 -36.8295   -2.24167 4.72775
8.26  -34.3522 -36.9468   -2.15325 4.80887
8.27  -34.4887 -37.0642   -2.06483 4.89
8.28  -34.6252 -37.1815   -1.9764 4.97113
8.29  -34.7616 -37.2989   -1.88798 5.05226
8.3  -34.8981 -37.4162   -1.79956 5.13338
8.31  -35.0346 -37.5336   -1.71114 5.21451
8.32  -35.1711 -37.6509   -1.62272 5.29564
8.33  -35.3076 -37.7683   -1.5343 5.37676
8.34  -35.4441 -37.8857   -1.44588 5.45789
8.35  -35.5805 -38.003   -1.35745 5.53902
8.36  -35.717 -38.1204   -1.26903 5.62015
8.37  -35.8535 -38.2377   -1.18061 5.70127
8.38  -35.99 -38.3551   -1.09219 5.7824
8.39  -36.1265 -38.4724   -1.00377 5.86353
8.4  -36.263 -38.5898   -0.915348 5.94466
8.41  -36.3994 -38.7071   -0.826926 6.02578
8.42  -36.5359 -38.8245   -0.738505 6.10691
8.43  -36.6724 -38.9419   -0.650084 6.18804
8.44  -36.8089 -39.0592   -0.561662 6.26917
8.45  -36.9454 -39.1766   -0.473241 6.35029
8.46  -37.0819 -39.2939   -0.384819 6.43142
8.47  -37.2183 -39.4113   -0.296398 6.51255
8.48  -37.3548 -39.5286   -0.207977 6.59368
8.49  -37.4913 -39.646   -0.119555 6.6748
8.5  -37.6278 -39.7633   -0.0311339 6.75593
8.51  -37.7643 -39.8807   0.0572875 6.83706
8.52  -37.9008 -39.998   0.145709 6.91819
8.53  -38.0372 -40.1154   0.23413 6.99931
8.54  -38.1737 -40.2328   0.322552 7.08044
8.55  -38.3102 -40.3501   0.410973 7.16157
8.56  -38.4467 -40.4675   0.499395 7.24269
8.57  -38.5832 -40.5848   0.587816 7.32382
8.58  -38.7197 -40.7022   0.676237 7.40495
8.59  -38.8562 -40.8195   0.764659 7.48608
8.6  -38.9926 -40.9369   0.85308 7.5672
8.61  -39.1291 -41.0542   0.941502 7.64833
8.62  -39.2656 -41.1716   1.02992 7.72946
8.63  -39.4021 -41.289   1.11834 7.81059
8.64  -39.5386 -41.4063   1.20677 7.89171
8.65  -39.6751 -41.5237   1.29519 7.97284
8.66  -39.8115 -41.641   1.38361 8.05397
8.67  -39.948 -41.7584   1.47203 8.1351
8.68  -40.0845 -41.8757   1.56045 8.21622
8.69  -40.221 -41.9931   1.64887 8.29735
8.7  -40.3575 -42.1104   1.73729 8.37848
8.71  -40.494 -42.2278   1.82572 8.45961
8.72  -40.6304 -42.3451   1.91414 8.54073
8.73  -40.7669 -42.4625   2.00256 8.62186
8.74  -40.9034 -42.5799   2.09098 8.70299
8.75  -41.0399 -42.6972   2.1794 8.78412
8.76  -41.1764 -42.8146   2.26782 8.86524
8.77  -41.3129 -42.9319   2.35624 8.94637
8.78  -41.4493 -43.0493   2.44467 9.0275
8.79  -41.5858 -43.1666   2.53309 9.10863
8.8  -41.7223 -43.284   2.62151 9.18975
8.81  -41.8588 -43.4013   2.70993 9.27088
8.82  -41.9953 -43.5187   2.79835 9.35201
8.83  -42.1318 -43.6361   2.88677 9.43313
8.84  -42.2682 -43.7534   2.97519 9.51426
8.85  -42.4047 -43.8708   3.06362 9.59539
8.86  -42.5412 -43.9881   3.15204 9.67652
8.87  -42.6777 -44.1055   3.24046 9.75764
8.88  -42.8142 -44.2228   3.32888 9.83877
8.89  -42.9507 -44.3402   3.4173 9.9199
8.9  -43.0871 -44.4575   3.50572 10.001
8.91  -43.2236 -44.5749   3.59414 10.0822
8.92  -43.3601 -44.6922   3.68256 10.1633
8.93  -43.4966 -44.8096   3.77099 10.2444
8.94  -43.6331 -44.927   3.85941 10.3255
8.95  -43.7696 -45.0443   3.94783 10.4067
8.96  -43.906 -45.1617   4.03625 10.4878
8.97  -44.0425 -45.279   4.12467 10.5689
8.98  -44.179 -45.3964   4.21309 10.65
8.99  -44.3155 -45.5137   4.30151 10.7312
9  -44.452 -45.6311   4.38994 10.8123
9.01  -44.5885 -45.7484   4.47836 10.8934
9.02  -44.7249 -45.8658   4.56678 10.9746
9.03  -44.8614 -45.9832   4.6552 11.0557
9.04  -44.9979 -46.1005   4.74362 11.1368
9.05  -45.1344 -46.2179   4.83204 11.2179
9.06  -45.2709 -46.3352   4.92046 11.2991
9.07  -45.4074 -46.4526   5.00889 11.3802
9.08  -45.5439 -46.5699   5.09731 11.4613
9.09  -45.6803 -46.6873   5.18573 11.5424
9.1  -45.8168 -46.8046   5.27415 11.6236
9.11  -45.9533 -46.922   5.36257 11.7047
9.12  -46.0898 -47.0393   5.45099 11.7858
9.13  -46.2263 -47.1567   5.53941 11.867
9.14  -46.3628 -47.2741   5.62784 11.9481
9.15  -46.4991 -47.3913   5.71626 12.0292
9.16  -46.6341 -47.5074   5.80468 12.1103
9.17  -46.7678 -47.6223   5.8931 12.1915
9.18  -46.9001 -47.7361   5.98152 12.2726
9.19  -47.0311 -47.8487   6.06994 12.3537
9.2  -47.1608 -47.9603   6.15836 12.4348
9.21  -47.2892 -48.0707   6.24679 12.516
9.22  -47.4163 -48.1799   6.33521 12.5971
9.23  -47.5421 -48.2882   6.42363 12.6782
9.24  -47.6667 -48.3953   6.51205 12.7594
9.25  -47.7901 -48.5013   6.60047 12.8405
9.26  -47.9122 -48.6063   6.68889 12.9216
9.27  -48.033 -48.7102   6.77731 13.0027
9.28  -48.1527 -48.8131   6.86574 13.0839
9.29  -48.2712 -48.915   6.95416 13.165
9.3  -48.3885 -49.0159   7.04258 13.2461
9.31  -48.5046 -49.1157   7.131 13.3273
9.32  -48.6195 -49.2145   7.21942 13.4084
9.33  -48.7333 -49.3124   7.30784 13.4895
9.34  -48.846 -49.4093   7.39626 13.5706
9.35  -48.9575 -49.5052   7.48469 13.6518
9.36  -49.068 -49.6001   7.57311 13.7329
9.37  -49.1773 -49.6941   7.66153 13.814
9.38  -49.2855 -49.7872   7.74995 13.8951
9.39  -49.3927 -49.8793   7.83837 13.9763
9.4  -49.4987 -49.9705   7.92679 14.0574
9.41  -49.6037 -50.0608   8.01521 14.1385
9.42  -49.7077 -50.1502   8.10364 14.2197
9.43  -49.8106 -50.2387   8.19206 14.3008
9.44  -49.9125 -50.3263   8.28048 14.3819
9.45  -50.0134 -50.4131   8.3689 14.463
9.46  -50.1133 -50.4989   8.45732 14.5442
9.47  -50.2121 -50.5839   8.54574 14.6253
9.48  -50.31 -50.6681   8.63416 14.7064
9.49  -50.4069 -50.7514   8.72258 14.7875
9.5  -50.5028 -50.8339   8.81101 14.8687
9.51  -50.5978 -50.9156   8.89943 14.9498
9.52  -50.6918 -50.9964   8.98785 15.0309
9.53  -50.7849 -51.0764   9.07627 15.1121
9.54  -50.8771 -51.1557   9.16469 15.1932
9.55  -50.9683 -51.2341   9.25311 15.2743
9.56  -51.0586 -51.3118   9.34153 15.3554
9.57  -51.148 -51.3887   9.42996 15.4366
9.58  -51.2365 -51.4648   9.51838 15.5177
9.59  -51.3242 -51.5401   9.6068 15.5988
9.6  -51.4109 -51.6147   9.69522 15.6799
9.61  -51.4968 -51.6886   9.78364 15.7611
9.62  -51.5819 -51.7617   9.87206 15.8422
9.63  -51.666 -51.8341   9.96048 15.9233
9.64  -51.7494 -51.9057   10.0489 16.0045
9.65  -51.8319 -51.9767   10.1373 16.0856
9.66  -51.9136 -52.0469   10.2257 16.1667
9.67  -51.9944 -52.1164   10.3142 16.2478
9.68  -52.0745 -52.1853   10.4026 16.329
9.69  -52.1537 -52.2534   10.491 16.4101
9.7  -52.2322 -52.3209   10.5794 16.4912
9.71  -52.3099 -52.3877   10.6679 16.5723
9.72  -52.3868 -52.4538   10.7563 16.6535
9.73  -52.4629 -52.5193   10.8447 16.7346
9.74  -52.5383 -52.5841   10.9331 16.8157
9.75  -52.6129 -52.6482   11.0215 16.8969
9.76  -52.6868 -52.7118   11.11 16.978
9.77  -52.7599 -52.7746   11.1984 17.0591
9.78  -52.8323 -52.8369   11.2868 17.1402
9.79  -52.904 -52.8985   11.3752 17.2214
9.8  -52.9749 -52.9595   11.4636 17.3025
9.81  -53.0452 -53.0199   11.5521 17.3836
9.82  -53.1147 -53.0797   11.6405 17.4647
9.83  -53.1836 -53.1389   11.7289 17.5459
9.84  -53.2518 -53.1976   11.8173 17.627
9.85  -53.3192 -53.2556   11.9058 17.7081
9.86  -53.3861 -53.313   11.9942 17.7893
9.87  -53.4522 -53.3699   12.0826 17.8704
9.88  -53.5177 -53.4262   12.171 17.9515
9.89  -53.5825 -53.4819   12.2594 18.0326
9.9  -53.6467 -53.5371   12.3479 18.1138
9.91  -53.7102 -53.5917   12.4363 18.1949
9.92  -53.7731 -53.6458   12.5247 18.276
9.93  -53.8354 -53.6994   12.6131 18.3571
9.94  -53.897 -53.7524   12.7015 18.4383
9.95  -53.958 -53.8048   12.79 18.5194
9.96  -54.0185 -53.8568   12.8784 18.6005
9.97  -54.0783 -53.9082   12.9668 18.6817
9.98  -54.1375 -53.9591   13.0552 18.7628
9.99  -54.1961 -54.0096   13.1437 18.8439
10  -54.2542 -54.0595   13.2321 18.925
10.01  -54.3116 -54.1089   13.3205 19.0062
10.02  -54.3685 -54.1578   13.4089 19.0873
10.03  -54.4248 -54.2062   13.4973 19.1684
10.04  -54.4806 -54.2541   13.5858 19.2496
10.05  -54.5358 -54.3016   13.6742 19.3307
10.06  -54.5904 -54.3486   13.7626 19.4118
10.07  -54.6445 -54.3951   13.851 19.4929
10.08  -54.6981 -54.4411   13.9394 19.5741
10.09  -54.7511 -54.4867   14.0279 19.6552
10.1  -54.8036 -54.5319   14.1163 19.7363
10.11  -54.8555 -54.5765   14.2047 19.8174
10.12  -54.907 -54.6208   14.2931 19.8986
10.13  -54.9579 -54.6646   14.3816 19.9797
10.14  -55.0083 -54.7079   14.47 20.0608
10.15  -55.0582 -54.7508   14.5584 20.142
10.16  -55.1077 -54.7933   14.6468 20.2231
10.17  -55.1566 -54.8354   14.7352 20.3042
10.18  -55.205 -54.8771   14.8237 20.3853
10.19  -55.253 -54.9183   14.9121 20.4665
10.2  -55.3004 -54.9591   15.0005 20.5476
10.21  -55.3474 -54.9995   15.0889 20.6287
10.22  -55.394 -55.0395   15.1773 20.7098
10.23  -55.44 -55.0791   15.2658 20.791
10.24  -55.4856 -55.1183   15.3542 20.8721
10.25  -55.5308 -55.1571   15.4426 20.9532
10.26  -55.5755 -55.1956   15.531 21.0344
10.27  -55.6197 -55.2336   15.6195 21.1155
10.28  -55.6635 -55.2713   15.7079 21.1966
10.29  -55.7069 -55.3086   15.7963 21.2777
10.3  -55.7498 -55.3455   15.8847 21.3589
10.31  -55.7923 -55.382   15.9731 21.44
10.32  -55.8344 -55.4182   16.0616 21.5211
10.33  -55.876 -55.454   16.15 21.6022
10.34  -55.9173 -55.4895   16.2384 21.6834
10.35  -55.9581 -55.5246   16.3268 21.7645
10.36  -55.9985 -55.5593   16.4152 21.8456
10.37  -56.0385 -55.5937   16.5037 21.9268
10.38  -56.0782 -55.6278   16.5921 22.0079
10.39  -56.1174 -55.6615   16.6805 22.089
10.4  -56.1562 -55.6949   16.7689 22.1701
10.41  -56.1946 -55.728   16.8574 22.2513
10.42  -56.2327 -55.7607   16.9458 22.3324
10.43  -56.2704 -55.7931   17.0342 22.4135
10.44  -56.3077 -55.8252   17.1226 22.4946
10.45  -56.3446 -55.8569   17.211 22.5758
10.46  -56.3811 -55.8883   17.2995 22.6569
10.47  -56.4173 -55.9194   17.3879 22.738
10.48  -56.4532 -55.9503   17.4763 22.8192
10.49  -56.4886 -55.9808   17.5647 22.9003
10.5  -56.5237 -56.0109   17.6531 22.9814
10.51  -56.5585 -56.0408   17.7416 23.0625
10.52  -56.5929 -56.0704   17.83 23.1437
10.53  -56.627 -56.0997   17.9184 23.2248
10.54  -56.6607 -56.1287   18.0068 23.3059
10.55  -56.6941 -56.1574   18.0953 23.387
10.56  -56.7272 -56.1859   18.1837 23.4682
10.57  -56.7599 -56.214   18.2721 23.5493
10.58  -56.7923 -56.2419   18.3605 23.6304
10.59  -56.8244 -56.2694   18.4489 23.7116
10.6  -56.8561 -56.2968   18.5374 23.7927
10.61  -56.8876 -56.3238   18.6258 23.8738
10.62  -56.9187 -56.3505   18.7142 23.9549
10.63  -56.9495 -56.377   18.8026 24.0361
10.64  -56.98 -56.4033   18.891 24.1172
10.65  -57.0102 -56.4292   18.9795 24.1983
10.66  -57.0401 -56.4549   19.0679 24.2794
10.67  -57.0697 -56.4804   19.1563 24.3606
10.68  -57.099 -56.5056   19.2447 24.4417
10.69  -57.128 -56.5305   19.3332 24.5228
10.7  -57.1567 -56.5552   19.4216 24.604
10.71  -57.1852 -56.5797   19.51 24.6851
10.72  -57.2133 -56.6039   19.5984 24.7662
10.73  -57.2412 -56.6278   19.6868 24.8473
10.74  -57.2688 -56.6516   19.7753 24.9285
10.75  -57.2961 -56.675   19.8637 25.0096
10.76  -57.3231 -56.6983   19.9521 25.0907
10.77  -57.3499 -56.7213   20.0405 25.1719
10.78  -57.3764 -56.7441   20.1289 25.253
10.79  -57.4026 -56.7667   20.2174 25.3341
10.8  -57.4286 -56.789   20.3058 25.4152
10.81  -57.4543 -56.8111   20.3942 25.4964
10.82  -57.4798 -56.833   20.4826 25.5775
10.83  -57.505 -56.8547   20.5711 25.6586
10.84  -57.5299 -56.8761   20.6595 25.7397
10.85  -57.5546 -56.8974   20.7479 25.8209
10.86  -57.5791 -56.9184   20.8363 25.902
10.87  -57.6033 -56.9392   20.9247 25.9831
10.88  -57.6273 -56.9598   21.0132 26.0643
10.89  -57.651 -56.9802   21.1016 26.1454
10.9  -57.6745 -57.0004   21.19 26.2265
10.91  -57.6977 -57.0204   21.2784 26.3076
10.92  -57.7208 -57.0402   21.3668 26.3888
10.93  -57.7435 -57.0598   21.4553 26.4699
10.94  -57.7661 -57.0792   21.5437 26.551
10.95  -57.7884 -57.0984   21.6321 26.6321
10.96  -57.8106 -57.1174   21.7205 26.7133
10.97  -57.8325 -57.1362   21.809 26.7944
10.98  -57.8541 -57.1549   21.8974 26.8755
10.99  -57.8756 -57.1733   21.9858 26.9567
11  -57.8968 -57.1916   22.0742 27.0378
11.01  -57.9179 -57.2097   22.1626 27.1189
11.02  -57.9387 -57.2276   22.2511 27.2
11.03  -57.9593 -57.2453   22.3395 27.2812
11.04  -57.9797 -57.2629   22.4279 27.3623
11.05  -57.9999 -57.2802   22.5163 27.4434
11.06  -58.0199 -57.2974   22.6047 27.5245
11.07  -58.0397 -57.3145   22.6932 27.6057
11.08  -58.0593 -57.3313   22.7816 27.6868
11.09  -58.0787 -57.348   22.87 27.7679
11.1  -58.0979 -57.3645   22.9584 27.8491
11.11  -58.117 -57.3809   23.0469 27.9302
11.12  -58.1358 -57.3971   23.1353 28.0113
11.13  -58.1544 -57.4131   23.2237 28.0924
11.14  -58.1729 -57.429   23.3121 28.1736
11.15  -58.1912 -57.4447   23.4005 28.2547
11.16  -58.2092 -57.4602   23.489 28.3358
11.17  -58.2272 -57.4756   23.5774 28.4169
11.18  -58.2449 -57.4909   23.6658 28.4981
11.19  -58.2624 -57.506   23.7542 28.5792
11.2  -58.2798 -57.5209   23.8426 28.6603
11.21  -58.297 -57.5357   23.9311 28.7415
11.22  -58.314 -57.5503   24.0195 28.8226
11.23  -58.3309 -57.5648   24.1079 28.9037
11.24  -58.3476 -57.5792   24.1963 28.9848
11.25  -58.3641 -57.5934   24.2848 29.066
11.26  -58.3805 -57.6075   24.3732 29.1471
11.27  -58.3967 -57.6214   24.4616 29.2282
11.28  -58.4127 -57.6352   24.55 29.3093
11.29  -58.4286 -57.6488   24.6384 29.3905
11.3  -58.4443 -57.6623   24.7269 29.4716
11.31  -58.4598 -57.6757   24.8153 29.5527
11.32  -58.4752 -57.6889   24.9037 29.6339
11.33  -58.4905 -57.7021   24.9921 29.715
11.34  -58.5056 -57.715   25.0805 29.7961
11.35  -58.5205 -57.7279   25.169 29.8772
11.36  -58.5353 -57.7406   25.2574 29.9584
11.37  -58.55 -57.7532   25.3458 30.0395
11.38  -58.5645 -57.7657   25.4342 30.1206
11.39  -58.5788 -57.778   25.5227 30.2018
11.4  -58.593 -57.7902   25.6111 30.2829
11.41  -58.6071 -57.8023   25.6995 30.364
11.42  -58.621 -57.8143   25.7879 30.4451
11.43  -58.6348 -57.8262   25.8763 30.5263
11.44  -58.6485 -57.8379   25.9648 30.6074
11.45  -58.662 -57.8495   26.0532 30.6885
11.46  -58.6754 -57.861   26.1416 30.7696
11.47  -58.6886 -57.8724   26.23 30.8508
11.48  -58.7017 -57.8837   26.3184 30.9319
11.49  -58.7147 -57.8949   26.4069 31.013
11.5  -58.7276 -57.9059   26.4953 31.0942
11.51  -58.7403 -57.9168   26.5837 31.1753
11.52  -58.7529 -57.9277   26.6721 31.2564
11.53  -58.7654 -57.9384   26.7606 31.3375
11.54  -58.7777 -57.949   26.849 31.4187
11.55  -58.7899 -57.9595   26.9374 31.4998
11.56  -58.802 -57.9699   27.0258 31.5809
11.57  -58.814 -57.9802   27.1142 31.662
11.58  -58.8259 -57.9904   27.2027 31.7432
11.59  -58.8376 -58.0005   27.2911 31.8243
11.6  -58.8492 -58.0105   27.3795 31.9054
11.61  -58.8607 -58.0204   27.4679 31.9866
11.62  -58.8721 -58.0302   27.5563 32.0677
11.63  -58.8834 -58.0399   27.6448 32.1488
11.64  -58.8946 -58.0495   27.7332 32.2299
11.65  -58.9056 -58.059   27.8216 32.3111
11.66  -58.9166 -58.0684   27.91 32.3922
11.67  -58.9274 -58.0777   27.9985 32.4733
11.68  -58.9381 -58.087   28.0869 32.5544
11.69  -58.9488 -58.0961   28.1753 32.6356
11.7  -58.9593 -58.1051   28.2637 32.7167
11.71  -58.9697 -58.1141   28.3521 32.7978
11.72  -58.98 -58.1229   28.4406 32.879
11.73  -58.9902 -58.1317   28.529 32.9601
11.74  -59.0003 -58.1404   28.6174 33.0412
11.75  -59.0103 -58.149   28.7058 33.1223
11.76  -59.0202 -58.1575   28.7942 33.2035
11.77  -59.03 -58.1659   28.8827 33.2846
11.78  -59.0397 -58.1743   28.9711 33.3657
11.79  -59.0493 -58.1825   29.0595 33.4468
11.8  -59.0588 -58.1907   29.1479 33.528
11.81  -59.0682 -58.1988   29.2364 33.6091
11.82  -59.0775 -58.2068   29.3248 33.6902
11.83  -59.0867 -58.2147   29.4132 33.7714
11.84  -59.0959 -58.2226   29.5016 33.8525
11.85  -59.1049 -58.2304   29.59 33.9336
11.86  -59.1139 -58.2381   29.6785 34.0147
11.87  -59.1227 -58.2457   29.7669 34.0959
11.88  -59.1315 -58.2532   29.8553 34.177
11.89  -59.1402 -58.2607   29.9437 34.2581
11.9  -59.1488 -58.2681   30.0321 34.3392
11.91  -59.1573 -58.2754   30.1206 34.4204
11.92  -59.1657 -58.2826   30.209 34.5015
11.93  -59.1741 -58.2898   30.2974 34.5826
11.94  -59.1823 -58.2969   30.3858 34.6638
11.95  -59.1905 -58.304   30.4742 34.7449
11.96  -59.1986 -58.3109   30.5627 34.826
11.97  -59.2066 -58.3178   30.6511 34.9071
11.98  -59.2145 -58.3246   30.7395 34.9883
11.99  -59.2224 -58.3314   30.8279 35.0694
12  -59.2302 -58.3381   30.9164 35.1505
12.01  -59.2379 -58.3447   31.0048 35.2316
12.02  -59.2455 -58.3512   31.0932 35.3128
12.03  -59.253 -58.3577   31.1816 35.3939
12.04  -59.2605 -58.3642   31.27 35.475
12.05  -59.2679 -58.3705   31.3585 35.5562
12.06  -59.2752 -58.3768   31.4469 35.6373
12.07  -59.2825 -58.383   31.5353 35.7184
12.08  -59.2896 -58.3892   31.6237 35.7995
12.09  -59.2968 -58.3953   31.7121 35.8807
12.1  -59.3038 -58.4014   31.8006 35.9618
12.11  -59.3107 -58.4073   31.889 36.0429
12.12  -59.3176 -58.4133   31.9774 36.1241
12.13  -59.3245 -58.4191   32.0658 36.2052
12.14  -59.3312 -58.4249   32.1543 36.2863
12.15  -59.3379 -58.4307   32.2427 36.3674
12.16  -59.3445 -58.4364   32.3311 36.4486
12.17  -59.3511 -58.442   32.4195 36.5297
12.18  -59.3576 -58.4476   32.5079 36.6108
12.19  -59.364 -58.4531   32.5964 36.6919
12.2  -59.3704 -58.4586   32.6848 36.7731
12.21  -59.3767 -58.464   32.7732 36.8542
12.22  -59.3829 -58.4694   32.8616 36.9353
12.23  -59.3891 -58.4747   32.95 37.0165
12.24  -59.3952 -58.4799   33.0385 37.0976
12.25  -59.4012 -58.4851   33.1269 37.1787
12.26  -59.4072 -58.4903   33.2153 37.2598
12.27  -59.4131 -58.4954   33.3037 37.341
12.28  -59.419 -58.5004   33.3922 37.4221
12.29  -59.4248 -58.5054   33.4806 37.5032
12.3  -59.4306 -58.5104   33.569 37.5843
12.31  -59.4363 -58.5153   33.6574 37.6655
12.32  -59.4419 -58.5201   33.7458 37.7466
12.33  -59.4475 -58.5249   33.8343 37.8277
12.34  -59.453 -58.5297   33.9227 37.9089
12.35  -59.4585 -58.5344   34.0111 37.99
12.36  -59.4639 -58.539   34.0995 38.0711
12.37  -59.4692 -58.5436   34.1879 38.1522
12.38  -59.4746 -58.5482   34.2764 38.2334
12.39  -59.4798 -58.5527   34.3648 38.3145
12.4  -59.485 -58.5572   34.4532 38.3956
12.41  -59.4902 -58.5616   34.5416 38.4767
12.42  -59.4953 -58.566   34.6301 38.5579
12.43  -59.5003 -58.5703   34.7185 38.639
12.44  -59.5053 -58.5746   34.8069 38.7201
12.45  -59.5102 -58.5789   34.8953 38.8013
12.46  -59.5151 -58.5831   34.9837 38.8824
12.47  -59.52 -58.5873   35.0722 38.9635
12.48  -59.5248 -58.5914   35.1606 39.0446
12.49  -59.5295 -58.5955   35.249 39.1258
12.5  -59.5343 -58.5995   35.3374 39.2069
12.51  -59.5389 -58.6035   35.4258 39.288
12.52  -59.5435 -58.6075   35.5143 39.3691
12.53  -59.5481 -58.6114   35.6027 39.4503
12.54  -59.5526 -58.6153   35.6911 39.5314
12.55  -59.5571 -58.6192   35.7795 39.6125
12.56  -59.5615 -58.623   35.868 39.6937
12.57  -59.5659 -58.6267   35.9564 39.7748
12.58  -59.5702 -58.6305   36.0448 39.8559
12.59  -59.5745 -58.6342   36.1332 39.937
12.6  -59.5788 -58.6378   36.2216 40.0182
12.61  -59.583 -58.6414   36.3101 40.0993
12.62  -59.5872 -58.645   36.3985 40.1804
12.63  -59.5913 -58.6486   36.4869 40.2615
12.64  -59.5954 -58.6521   36.5753 40.3427
12.65  -59.5994 -58.6556   36.6637 40.4238
12.66  -59.6034 -58.659   36.7522 40.5049
12.67  -59.6074 -58.6624   36.8406 40.5861
12.68  -59.6113 -58.6658   36.929 40.6672
12.69  -59.6152 -58.6691   37.0174 40.7483
12.7  -59.6191 -58.6725   37.1059 40.8294
12.71  -59.6229 -58.6757   37.1943 40.9106
12.72  -59.6266 -58.679   37.2827 40.9917
12.73  -59.6304 -58.6822   37.3711 41.0728
12.74  -59.6341 -58.6854   37.4595 41.1539
12.75  -59.6377 -58.6885   37.548 41.2351
12.76  -59.6414 -58.6916   37.6364 41.3162
12.77  -59.6449 -58.6947   37.7248 41.3973
12.78  -59.6485 -58.6978   37.8132 41.4785
12.79  -59.652 -58.7008   37.9016 41.5596
12.8  -59.6555 -58.7038   37.9901 41.6407
12.81  -59.6589 -58.7067   38.0785 41.7218
12.82  -59.6623 -58.7097   38.1669 41.803
12.83  -59.6657 -58.7126   38.2553 41.8841
12.84  -59.6691 -58.7154   38.3438 41.9652
12.85  -59.6724 -58.7183   38.4322 42.0464
12.86  -59.6756 -58.7211   38.5206 42.1275
12.87  -59.6789 -58.7239   38.609 42.2086
12.88  -59.6821 -58.7267   38.6974 42.2897
12.89  -59.6853 -58.7294   38.7859 42.3709
12.9  -59.6884 -58.7321   38.8743 42.452
12.91  -59.6915 -58.7348   38.9627 42.5331
12.92  -59.6946 -58.7374   39.0511 42.6142
12.93  -59.6977 -58.7401   39.1395 42.6954
12.94  -59.7007 -58.7427   39.228 42.7765
12.95  -59.7037 -58.7452   39.3164 42.8576
12.96  -59.7067 -58.7478   39.4048 42.9388
12.97  -59.7096 -58.7503   39.4932 43.0199
12.98  -59.7125 -58.7528   39.5817 43.101
12.99  -59.7154 -58.7553   39.6701 43.1821
13  -59.7182 -58.7577   39.7585 43.2633
13.01  -59.721 -58.7601   39.8469 43.3444
13.02  -59.7238 -58.7625   39.9353 43.4255
13.03  -59.7266 -58.7649   40.0238 43.5066
13.04  -59.7293 -58.7673   40.1122 43.5878
13.05  -59.732 -58.7696   40.2006 43.6689
13.06  -59.7347 -58.7719   40.289 43.75
13.07  -59.7374 -58.7742   40.3774 43.8312
13.08  -59.74 -58.7764   40.4659 43.9123
13.09  -59.7426 -58.7787   40.5543 43.9934
13.1  -59.7452 -58.7809   40.6427 44.0745
13.11  -59.7477 -58.7831   40.7311 44.1557
13.12  -59.7502 -58.7852   40.8196 44.2368
13.13  -59.7527 -58.7874   40.908 44.3179
13.14  -59.7552 -58.7895   40.9964 44.399
13.15  -59.7577 -58.7916   41.0848 44.4802
13.16  -59.7601 -58.7937   41.1732 44.5613
13.17  -59.7625 -58.7958   41.2617 44.6424
13.18  -59.7648 -58.7978   41.3501 44.7236
13.19  -59.7672 -58.7998   41.4385 44.8047
13.2  -59.7695 -58.8018   41.5269 44.8858
13.21  -59.7718 -58.8038   41.6153 44.9669
13.22  -59.7741 -58.8058   41.7038 45.0481
13.23  -59.7764 -58.8077   41.7922 45.1292
13.24  -59.7786 -58.8096   41.8806 45.2103
13.25  -59.7808 -58.8115   41.969 45.2914
13.26  -59.783 -58.8134   42.0575 45.3726
13.27  -59.7852 -58.8153   42.1459 45.4537
13.28  -59.7873 -58.8171   42.2343 45.5348
13.29  -59.7895 -58.819   42.3227 45.616
13.3  -59.7916 -58.8208   42.4111 45.6971
13.31  -59.7937 -58.8226   42.4996 45.7782
13.32  -59.7957 -58.8243   42.588 45.8593
13.33  -59.7978 -58.8261   42.6764 45.9405
13.34  -59.7998 -58.8278   42.7648 46.0216
13.35  -59.8018 -58.8296   42.8532 46.1027
13.36  -59.8038 -58.8313   42.9417 46.1838
13.37  -59.8057 -58.833   43.0301 46.265
13.38  -59.8077 -58.8346   43.1185 46.3461
13.39  -59.8096 -58.8363   43.2069 46.4272
13.4  -59.8115 -58.8379   43.2954 46.5084
13.41  -59.8134 -58.8395   43.3838 46.5895
13.42  -59.8152 -58.8411   43.4722 46.6706
13.43  -59.8171 -58.8427   43.5606 46.7517
13.44  -59.8189 -58.8443   43.649 46.8329
13.45  -59.8207 -58.8459   43.7375 46.914
13.46  -59.8225 -58.8474   43.8259 46.9951
13.47  -59.8243 -58.8489   43.9143 47.0763
13.48  -59.8261 -58.8504   44.0027 47.1574
13.49  -59.8278 -58.8519   44.0911 47.2385
13.5  -59.8295 -58.8534   44.1796 47.3196
13.51  -59.8312 -58.8549   44.268 47.4008
13.52  -59.8329 -58.8563   44.3564 47.4819
13.53  -59.8346 -58.8578   44.4448 47.563
13.54  -59.8362 -58.8592   44.5333 47.6441
13.55  -59.8379 -58.8606   44.6217 47.7253
13.56  -59.8395 -58.862   44.7101 47.8064
13.57  -59.8411 -58.8634   44.7985 47.8875
13.58  -59.8427 -58.8647   44.8869 47.9687
13.59  -59.8443 -58.8661   44.9754 48.0498
13.6  -59.8458 -58.8674   45.0638 48.1309
13.61  -59.8474 -58.8688   45.1522 48.212
13.62  -59.8489 -58.8701   45.2406 48.2932
13.63  -59.8504 -58.8714   45.329 48.3743
13.64  -59.8519 -58.8727   45.4175 48.4554
13.65  -59.8534 -58.8739   45.5059 48.5365
13.66  -59.8548 -58.8752   45.5943 48.6177
13.67  -59.8563 -58.8764   45.6827 48.6988
13.68  -59.8577 -58.8777   45.7712 48.7799
13.69  -59.8592 -58.8789   45.8596 48.8611
13.7  -59.8606 -58.8801   45.948 48.9422
13.71  -59.862 -58.8813   46.0364 49.0233
13.72  -59.8633 -58.8825   46.1248 49.1044
13.73  -59.8647 -58.8837   46.2133 49.1856
13.74  -59.8661 -58.8848   46.3017 49.2667
13.75  -59.8674 -58.886   46.3901 49.3478
13.76  -59.8687 -58.8871   46.4785 49.4289
13.77  -59.87 -58.8883   46.5669 49.5101
13.78  -59.8713 -58.8894   46.6554 49.5912
13.79  -59.8726 -58.8905   46.7438 49.6723
13.8  -59.8739 -58.8916   46.8322 49.7535
13.81  -59.8752 -58.8927   46.9206 49.8346
13.82  -59.8764 -58.8937   47.0091 49.9157
13.83  -59.8776 -58.8948   47.0975 49.9968
13.84  -59.8789 -58.8958   47.1859 50.078
13.85  -59.8801 -58.8969   47.2743 50.1591
13.86  -59.8813 -58.8979   47.3627 50.2402
13.87  -59.8825 -58.8989   47.4512 50.3213
13.88  -59.8836 -58.8999   47.5396 50.4025
13.89  -59.8848 -58.9009   47.628 50.4836
13.9  -59.886 -58.9019   47.7164 50.5647
13.91  -59.8871 -58.9029   47.8048 50.6459
13.92  -59.8882 -58.9039   47.8933 50.727
13.93  -59.8893 -58.9049   47.9817 50.8081
13.94  -59.8904 -58.9058   48.0701 50.8892
13.95  -59.8915 -58.9067   48.1585 50.9704
13.96  -59.8926 -58.9077   48.247 51.0515
13.97  -59.8937 -58.9086   48.3354 51.1326
13.98  -59.8948 -58.9095   48.4238 51.2137
13.99  -59.8958 -58.9104   48.5122 51.2949
14  -59.8969 -58.9113   48.6006 51.376
14.01  -59.8979 -58.9122   48.6891 51.4571
14.02  -59.8989 -58.9131   48.7775 51.5383
14.03  -59.8999 -58.9139   48.8659 51.6194
14.04  -59.9009 -58.9148   48.9543 51.7005
14.05  -59.9019 -58.9157   49.0427 51.7816
14.06  -59.9029 -58.9165   49.1312 51.8628
14.07  -59.9039 -58.9173   49.2196 51.9439
14.08  -59.9048 -58.9182   49.3074 52.0245
14.09  -59.9058 -58.919   49.3943 52.1042
14.1  -59.9067 -58.9198   49.4804 52.1832
14.11  -59.9077 -58.9206   49.5656 52.2613
14.12  -59.9086 -58.9214   49.6499 52.3387
14.13  -59.9095 -58.9222   49.7334 52.4153
14.14  -59.9104 -58.923   49.8161 52.4912
14.15  -59.9113 -58.9237   49.8979 52.5663
14.16  -59.9122 -58.9245   49.9789 52.6406
14.17  -59.9131 -58.9252   50.0592 52.7142
14.18  -59.9139 -58.926   50.1386 52.7871
14.19  -59.9148 -58.9267   50.2172 52.8592
14.2  -59.9156 -58.9275   50.295 52.9306
14.21  -59.9165 -58.9282   50.3721 53.0013
14.22  -59.9173 -58.9289   50.4483 53.0713
14.23  -59.9181 -58.9296   50.5238 53.1406
14.24  -59.919 -58.9303   50.5986 53.2092
14.25  -59.9198 -58.931   50.6726 53.2771
14.26  -59.9206 -58.9317   50.7459 53.3443
14.27  -59.9214 -58.9324   50.8184 53.4109
14.28  -59.9222 -58.9331   50.8903 53.4767
14.29  -59.9229 -58.9337   50.9614 53.542
14.3  -59.9237 -58.9344   51.0317 53.6066
14.31  -59.9245 -58.9351   51.1014 53.6705
14.32  -59.9252 -58.9357   51.1704 53.7338
14.33  -59.926 -58.9363   51.2387 53.7965
14.34  -59.9267 -58.937   51.3063 53.8585
14.35  -59.9274 -58.9376   51.3733 53.9199
14.36  -59.9282 -58.9382   51.4395 53.9807
14.37  -59.9289 -58.9389   51.5051 54.0409
14.38  -59.9296 -58.9395   51.5701 54.1005
14.39  -59.9303 -58.9401   51.6344 54.1595
14.4  -59.931 -58.9407   51.698 54.2179
14.41  -59.9317 -58.9413   51.761 54.2757
14.42  -59.9324 -58.9419   51.8234 54.333
14.43  -59.9331 -58.9424   51.8852 54.3896
14.44  -59.9337 -58.943   51.9464 54.4457
14.45  -59.9344 -58.9436   52.0069 54.5013
14.46  -59.935 -58.9441   52.0668 54.5563
14.47  -59.9357 -58.9447   52.1262 54.6107
14.48  -59.9363 -58.9453   52.1849 54.6646
14.49  -59.937 -58.9458   52.243 54.7179
14.5  -59.9376 -58.9463   52.3006 54.7708
14.51  -59.9382 -58.9469   52.3576 54.8231
14.52  -59.9388 -58.9474   52.414 54.8748
14.53  -59.9395 -58.9479   52.4699 54.9261
14.54  -59.9401 -58.9485   52.5252 54.9768
14.55  -59.9407 -58.949   52.5799 55.027
14.56  -59.9413 -58.9495   52.6341 55.0768
14.57  -59.9418 -58.95   52.6878 55.126
14.58  -59.9424 -58.9505   52.7409 55.1747
14.59  -59.943 -58.951   52.7935 55.223
14.6  -59.9436 -58.9515   52.8456 55.2708
14.61  -59.9441 -58.952   52.8971 55.3181
14.62  -59.9447 -58.9524   52.9481 55.3649
14.63  -59.9452 -58.9529   52.9987 55.4112
14.64  -59.9458 -58.9534   53.0487 55.4571
14.65  -59.9463 -58.9539   53.0982 55.5025
14.66  -59.9469 -58.9543   53.1472 55.5475
14.67  -59.9474 -58.9548   53.1957 55.592
14.68  -59.9479 -58.9552   53.2438 55.6361
14.69  -59.9484 -58.9557   53.2913 55.6798
14.7  -59.949 -58.9561   53.3384 55.723
14.71  -59.9495 -58.9566   53.385 55.7657
14.72  -59.95 -58.957   53.4312 55.8081
14.73  -59.9505 -58.9574   53.4769 55.85
14.74  -59.951 -58.9578   53.5221 55.8915
14.75  -59.9515 -58.9583   53.5669 55.9326
14.76  -59.9519 -58.9587   53.6112 55.9733
14.77  -59.9524 -58.9591   53.6551 56.0135
14.78  -59.9529 -58.9595   53.6986 56.0534
14.79  -59.9534 -58.9599   53.7416 56.0929
14.8  -59.9538 -58.9603   53.7842 56.1319
14.81  -59.9543 -58.9607   53.8263 56.1706
14.82  -59.9548 -58.9611   53.8681 56.2089
14.83  -59.9552 -58.9615   53.9094 56.2468
14.84  -59.9557 -58.9619   53.9503 56.2843
14.85  -59.9561 -58.9623   53.9908 56.3215
14.86  -59.9565 -58.9626   54.0309 56.3583
14.87  -59.957 -58.963   54.0706 56.3947
14.88  -59.9574 -58.9634   54.1099 56.4308
14.89  -59.9578 -58.9637   54.1488 56.4665
14.9  -59.9583 -58.9641   54.1873 56.5018
14.91  -59.9587 -58.9645   54.2254 56.5368
14.92  -59.9591 -58.9648   54.2631 56.5714
14.93  -59.9595 -58.9652   54.3005 56.6057
14.94  -59.9599 -58.9655   54.3375 56.6396
14.95  -59.9603 -58.9659   54.3741 56.6732
14.96  -59.9607 -58.9662   54.4104 56.7065
14.97  -59.9611 -58.9665   54.4463 56.7394
14.98  -59.9615 -58.9669   54.4818 56.772
14.99  -59.9619 -58.9672   54.517 56.8043
15  -59.9622 -58.9675   54.5518 56.8363
15.01  -59.9626 -58.9679   54.5863 56.8679
15.02  -59.963 -58.9682   54.6205 56.8992
15.03  -59.9634 -58.9685   54.6542 56.9302
15.04  -59.9637 -58.9688   54.6877 56.9609
15.05  -59.9641 -58.9691   54.7208 56.9913
15.06  -59.9645 -58.9694   54.7536 57.0214
15.07  -59.9648 -58.9697   54.7861 57.0512
15.08  -59.9652 -58.97   54.8182 57.0807
15.09  -59.9655 -58.9703   54.85 57.1099
15.1  -59.9659 -58.9706   54.8815 57.1388
15.11  -59.9662 -58.9709   54.9127 57.1674
15.12  -59.9665 -58.9712   54.9436 57.1957
15.13  -59.9669 -58.9715   54.9742 57.2238
15.14  -59.9672 -58.9718   55.0044 57.2515
15.15  -59.9675 -58.9721   55.0344 57.279
15.16  -59.9679 -58.9724   55.064 57.3062
15.17  -59.9682 -58.9726   55.0934 57.3332
15.18  -59.9685 -58.9729   55.1225 57.3598
15.19  -59.9688 -58.9732   55.1512 57.3862
15.2  -59.9691 -58.9734   55.1797 57.4124
15.21  -59.9694 -58.9737   55.2079 57.4382
15.22  -59.9697 -58.974   55.2358 57.4639
15.23  -59.97 -58.9742   55.2635 57.4892
15.24  -59.9703 -58.9745   55.2909 57.5143
15.25  -59.9706 -58.9748   55.3179 57.5392
15.26  -59.9709 -58.975   55.3448 57.5638
15.27  -59.9712 -58.9753   55.3713 57.5882
15.28  -59.9715 -58.9755   55.3976 57.6123
15.29  -59.9718 -58.9757   55.4236 57.6362
15.3  -59.9721 -58.976   55.4494 57.6598
15.31  -59.9724 -58.9762   55.4749 57.6832
15.32  -59.9726 -58.9765   55.5001 57.7064
15.33  -59.9729 -58.9767   55.5251 57.7293
15.34  -59.9732 -58.9769   55.5499 57.752
15.35  -59.9734 -58.9772   55.5744 57.7745
15.36  -59.9737 -58.9774   55.5987 57.7967
15.37  -59.974 -58.9776   55.6227 57.8188
15.38  -59.9742 -58.9778   55.6464 57.8406
15.39  -59.9745 -58.9781   55.67 57.8622
15.4  -59.9747 -58.9783   55.6933 57.8836
15.41  -59.975 -58.9785   55.7163 57.9047
15.42  -59.9752 -58.9787   55.7392 57.9257
15.43  -59.9755 -58.9789   55.7618 57.9464
15.44  -59.9757 -58.9791   55.7842 57.967
15.45  -59.976 -58.9793   55.8063 57.9873
15.46  -59.9762 -58.9796   55.8283 58.0074
15.47  -59.9765 -58.9798   55.85 58.0273
15.48  -59.9767 -58.98   55.8715 58.0471
15.49  -59.9769 -58.9802   55.8928 58.0666
15.5  -59.9772 -58.9804   55.9138 58.0859
15.51  -59.9774 -58.9806   55.9347 58.1051
15.52  -59.9776 -58.9808   55.9554 58.124
15.53  -59.9778 -58.9809   55.9758 58.1428
15.54  -59.9781 -58.9811   55.996 58.1614
15.55  -59.9783 -58.9813   56.0161 58.1797
15.56  -59.9785 -58.9815   56.0359 58.1979
15.57  -59.9787 -58.9817   56.0556 58.216
15.58  -59.9789 -58.9819   56.075 58.2338
15.59  -59.9791 -58.9821   56.0943 58.2515
15.6  -59.9793 -58.9822   56.1133 58.2689
15.61  -59.9795 -58.9824   56.1322 58.2863
15.62  -59.9798 -58.9826   56.1509 58.3034
15.63  -59.98 -58.9828   56.1694 58.3204
15.64  -59.9802 -58.9829   56.1877 58.3372
15.65  -59.9804 -58.9831   56.2058 58.3538
15.66  -59.9806 -58.9833   56.2237 58.3702
15.67  -59.9807 -58.9834   56.2415 58.3865
15.68  -59.9809 -58.9836   56.2591 58.4027
15.69  -59.9811 -58.9838   56.2765 58.4187
15.7  -59.9813 -58.9839   56.2937 58.4345
15.71  -59.9815 -58.9841   56.3108 58.4501
15.72  -59.9817 -58.9843   56.3277 58.4656
15.73  -59.9819 -58.9844   56.3444 58.481
15.74  -59.9821 -58.9846   56.3609 58.4962
15.75  -59.9822 -58.9847   56.3773 58.5112
15.76  -59.9824 -58.9849   56.3936 58.5261
15.77  -59.9826 -58.985   56.4096 58.5408
15.78  -59.9828 -58.9852   56.4255 58.5554
15.79  -59.9829 -58.9853   56.4413 58.5699
15.8  -59.9831 -58.9855   56.4569 58.5842
15.81  -59.9833 -58.9856   56.4723 58.5983
15.82  -59.9834 -58.9858   56.4876 58.6123
15.83  -59.9836 -58.9859   56.5027 58.6262
15.84  -59.9838 -58.986   56.5177 58.64
15.85  -59.9839 -58.9862   56.5325 58.6536
15.86  -59.9841 -58.9863   56.5472 58.667
15.87  -59.9843 -58.9865   56.5617 58.6803
15.88  -59.9844 -58.9866   56.5761 58.6935
15.89  -59.9846 -58.9867   56.5903 58.7066
15.9  -59.9847 -58.9869   56.6044 58.7195
15.91  -59.9849 -58.987   56.6184 58.7323
15.92  -59.985 -58.9871   56.6322 58.745
15.93  -59.9852 -58.9873   56.6459 58.7576
15.94  -59.9853 -58.9874   56.6594 58.77
15.95  -59.9855 -58.9875   56.6728 58.7823
15.96  -59.9856 -58.9876   56.6861 58.7945
15.97  -59.9858 -58.9878   56.6992 58.8065
15.98  -59.9859 -58.9879   56.7122 58.8185
15.99  -59.986 -58.988   56.7251 58.8303
16  -59.9862 -58.9881   56.7379 58.842
16.01  -59.9863 -58.9882   56.7505 58.8536
16.02  -59.9865 -58.9884   56.763 58.865
16.03  -59.9866 -58.9885   56.7753 58.8764
16.04  -59.9867 -58.9886   56.7876 58.8876
16.05  -59.9869 -58.9887   56.7997 58.8987
16.06  -59.987 -58.9888   56.8117 58.9097
16.07  -59.9871 -58.9889   56.8236 58.9206
16.08  -59.9872 -58.989   56.8354 58.9314
16.09  -59.9874 -58.9891   56.847 58.9421
16.1  -59.9875 -58.9893   56.8585 58.9527
16.11  -59.9876 -58.9894   56.87 58.9632
16.12  -59.9878 -58.9895   56.8813 58.9735
16.13  -59.9879 -58.9896   56.8924 58.9838
16.14  -59.988 -58.9897   56.9035 58.994
16.15  -59.9881 -58.9898   56.9145 59.004
16.16  -59.9882 -58.9899   56.9253 59.014
16.17  -59.9884 -58.99   56.9361 59.0239
16.18  -59.9885 -58.9901   56.9467 59.0336
16.19  -59.9886 -58.9902   56.9573 59.0433
16.2  -59.9887 -58.9903   56.9677 59.0528
16.21  -59.9888 -58.9904   56.978 59.0623
16.22  -59.9889 -58.9905   56.9882 59.0717
16.23  -59.989 -58.9906   56.9983 59.081
16.24  -59.9891 -58.9907   57.0084 59.0902
16.25  -59.9893 -58.9908   57.0183 59.0993
16.26  -59.9894 -58.9909   57.0281 59.1083
16.27  -59.9895 -58.9909   57.0378 59.1172
16.28  -59.9896 -58.991   57.0474 59.126
16.29  -59.9897 -58.9911   57.057 59.1348
16.3  -59.9898 -58.9912   57.0664 59.1434
16.31  -59.9899 -58.9913   57.0757 59.152
16.32  -59.99 -58.9914   57.085 59.1605
16.33  -59.9901 -58.9915   57.0941 59.1689
16.34  -59.9902 -58.9916   57.1032 59.1772
16.35  -59.9903 -58.9916   57.1122 59.1854
16.36  -59.9904 -58.9917   57.121 59.1935
16.37  -59.9905 -58.9918   57.1298 59.2016
16.38  -59.9906 -58.9919   57.1385 59.2096
16.39  -59.9907 -58.992   57.1471 59.2175
16.4  -59.9908 -58.9921   57.1557 59.2253
16.41  -59.9908 -58.9921   57.1641 59.2331
16.42  -59.9909 -58.9922   57.1725 59.2407
16.43  -59.991 -58.9923   57.1807 59.2483
16.44  -59.9911 -58.9924   57.1889 59.2558
16.45  -59.9912 -58.9924   57.197 59.2633
16.46  -59.9913 -58.9925   57.2051 59.2706
16.47  -59.9914 -58.9926   57.213 59.2779
16.48  -59.9915 -58.9927   57.2209 59.2852
16.49  -59.9916 -58.9927   57.2287 59.2923
16.5  -59.9916 -58.9928   57.2364 59.2994
16.51  -59.9917 -58.9929   57.244 59.3064
16.52  -59.9918 -58.993   57.2516 59.3133
16.53  -59.9919 -58.993   57.2591 59.3202
16.54  -59.992 -58.9931   57.2665 59.327
16.55  -59.992 -58.9932   57.2738 59.3337
16.56  -59.9921 -58.9932   57.2811 59.3404
16.57  -59.9922 -58.9933   57.2883 59.347
16.58  -59.9923 -58.9934   57.2954 59.3535
16.59  -59.9924 -58.9934   57.3024 59.36
16.6  -59.9924 -58.9935   57.3094 59.3664
16.61  -59.9925 -58.9936   57.3163 59.3727
16.62  -59.9926 -58.9936   57.3232 59.379
16.63  -59.9927 -58.9937   57.3299 59.3852
16.64  -59.9927 -58.9938   57.3366 59.3913
16.65  -59.9928 -58.9938   57.3433 59.3974
16.66  -59.9929 -58.9939   57.3498 59.4035
16.67  -59.993 -58.9939   57.3563 59.4094
16.68  -59.993 -58.994   57.3628 59.4153
16.69  -59.9931 -58.9941   57.3691 59.4212
16.7  -59.9932 -58.9941   57.3754 59.427
16.71  -59.9932 -58.9942   57.3817 59.4327
16.72  -59.9933 -58.9942   57.3879 59.4384
16.73  -59.9934 -58.9943   57.394 59.444
16.74  -59.9934 -58.9944   57.4001 59.4495
16.75  -59.9935 -58.9944   57.4061 59.455
16.76  -59.9936 -58.9945   57.412 59.4605
16.77  -59.9936 -58.9945   57.4179 59.4659
16.78  -59.9937 -58.9946   57.4237 59.4712
16.79  -59.9938 -58.9946   57.4295 59.4765
16.8  -59.9938 -58.9947   57.4352 59.4818
16.81  -59.9939 -58.9947   57.4408 59.4869
16.82  -59.9939 -58.9948   57.4464 59.4921
16.83  -59.994 -58.9948   57.4519 59.4971
16.84  -59.9941 -58.9949   57.4574 59.5022
16.85  -59.9941 -58.9949   57.4628 59.5072
16.86  -59.9942 -58.995   57.4682 59.5121
16.87  -59.9942 -58.995   57.4735 59.517
16.88  -59.9943 -58.9951   57.4788 59.5218
16.89  -59.9944 -58.9951   57.484 59.5266
16.9  -59.9944 -58.9952   57.4892 59.5313
16.91  -59.9945 -58.9952   57.4943 59.536
16.92  -59.9945 -58.9953   57.4993 59.5406
16.93  -59.9946 -58.9953   57.5043 59.5452
16.94  -59.9946 -58.9954   57.5093 59.5498
16.95  -59.9947 -58.9954   57.5142 59.5543
16.96  -59.9947 -58.9955   57.5191 59.5587
16.97  -59.9948 -58.9955   57.5239 59.5632
16.98  -59.9948 -58.9956   57.5286 59.5675
16.99  -59.9949 -58.9956   57.5333 59.5718
17  -59.9949 -58.9957   57.538 59.5761
17.01  -59.995 -58.9957   57.5426 59.5804
17.02  -59.995 -58.9957   57.5472 59.5846
17.03  -59.9951 -58.9958   57.5517 59.5887
17.04  -59.9951 -58.9958   57.5562 59.5928
17.05  -59.9952 -58.9959   57.5607 59.5969
17.06  -59.9952 -58.9959   57.5651 59.6009
17.07  -59.9953 -58.9959   57.5694 59.6049
17.08  -59.9953 -58.996   57.5737 59.6089
17.09  -59.9954 -58.996   57.578 59.6128
17.1  -59.9954 -58.9961   57.5822 59.6167
17.11  -59.9955 -58.9961   57.5864 59.6205
17.12  -59.9955 -58.9961   57.5905 59.6243
17.13  -59.9956 -58.9962   57.5946 59.628
17.14  -59.9956 -58.9962   57.5987 59.6318
17.15  -59.9956 -58.9963   57.6027 59.6354
17.16  -59.9957 -58.9963   57.6066 59.6391
17.17  -59.9957 -58.9963   57.6106 59.6427
17.18  -59.9958 -58.9964   57.6145 59.6463
17.19  -59.9958 -58.9964   57.6183 59.6498
17.2  -59.9959 -58.9964   57.6221 59.6533
17.21  -59.9959 -58.9965   57.6259 59.6568
17.22  -59.9959 -58.9965   57.6297 59.6602
17.23  -59.996 -58.9965   57.6334 59.6636
17.24  -59.996 -58.9966   57.637 59.667
17.25  -59.9961 -58.9966   57.6407 59.6703
17.26  -59.9961 -58.9967   57.6443 59.6736
17.27  -59.9961 -58.9967   57.6478 59.6769
17.28  -59.9962 -58.9967   57.6513 59.6801
17.29  -59.9962 -58.9968   57.6548 59.6833
17.3  -59.9963 -58.9968   57.6583 59.6865
17.31  -59.9963 -58.9968   57.6617 59.6896
17.32  -59.9963 -58.9968   57.6651 59.6927
17.33  -59.9964 -58.9969   57.6684 59.6958
17.34  -59.9964 -58.9969   57.6717 59.6988
17.35  -59.9964 -58.9969   57.675 59.7018
17.36  -59.9965 -58.997   57.6783 59.7048
17.37  -59.9965 -58.997   57.6815 59.7078
17.38  -59.9965 -58.997   57.6847 59.7107
17.39  -59.9966 -58.9971   57.6878 59.7136
17.4  -59.9966 -58.9971   57.6909 59.7164
17.41  -59.9967 -58.9971   57.694 59.7193
17.42  -59.9967 -58.9971   57.6971 59.7221
17.43  -59.9967 -58.9972   57.7001 59.7249
17.44  -59.9967 -58.9972   57.7031 59.7276
17.45  -59.9968 -58.9972   57.7061 59.7303
17.46  -59.9968 -58.9973   57.709 59.733
17.47  -59.9968 -58.9973   57.7119 59.7357
17.48  -59.9969 -58.9973   57.7148 59.7383
17.49  -59.9969 -58.9973   57.7177 59.741
17.5  -59.9969 -58.9974   57.7205 59.7436
17.51  -59.997 -58.9974   57.7233 59.7461
17.52  -59.997 -58.9974   57.7261 59.7487
17.53  -59.997 -58.9974   57.7288 59.7512
17.54  -59.9971 -58.9975   57.7315 59.7537
17.55  -59.9971 -58.9975   57.7342 59.7561
17.56  -59.9971 -58.9975   57.7369 59.7586
17.57  -59.9971 -58.9975   57.7395 59.761
17.58  -59.9972 -58.9976   57.7421 59.7634
17.59  -59.9972 -58.9976   57.7447 59.7657
17.6  -59.9972 -58.9976   57.7472 59.7681
17.61  -59.9973 -58.9976   57.7498 59.7704
17.62  -59.9973 -58.9977   57.7523 59.7727
17.63  -59.9973 -58.9977   57.7547 59.775
17.64  -59.9973 -58.9977   57.7572 59.7772
17.65  -59.9974 -58.9977   57.7596 59.7794
17.66  -59.9974 -58.9978   57.762 59.7816
17.67  -59.9974 -58.9978   57.7644 59.7838
17.68  -59.9974 -58.9978   57.7668 59.786
17.69  -59.9975 -58.9978   57.7691 59.7881
17.7  -59.9975 -58.9978   57.7714 59.7903
17.71  -59.9975 -58.9979   57.7737 59.7923
17.72  -59.9975 -58.9979   57.7759 59.7944
17.73  -59.9976 -58.9979   57.7782 59.7965
17.74  -59.9976 -58.9979   57.7804 59.7985
17.75  -59.9976 -58.998   57.7826 59.8005
17.76  -59.9976 -58.998   57.7848 59.8025
17.77  -59.9977 -58.998   57.7869 59.8045
17.78  -59.9977 -58.998   57.7891 59.8065
17.79  -59.9977 -58.998   57.7912 59.8084
17.8  -59.9977 -58.9981   57.7933 59.8103
17.81  -59.9978 -58.9981   57.7953 59.8122
17.82  -59.9978 -58.9981   57.7974 59.8141
17.83  -59.9978 -58.9981   57.7994 59.8159
17.84  -59.9978 -58.9981   57.8014 59.8178
17.85  -59.9978 -58.9981   57.8034 59.8196
17.86  -59.9979 -58.9982   57.8054 59.8214
17.87  -59.9979 -58.9982   57.8073 59.8232
17.88  -59.9979 -58.9982   57.8092 59.825
17.89  -59.9979 -58.9982   57.8111 59.8267
17.9  -59.998 -58.9982   57.813 59.8284
17.91  -59.998 -58.9983   57.8149 59.8302
17.92  -59.998 -58.9983   57.8167 59.8319
17.93  -59.998 -58.9983   57.8186 59.8335
17.94  -59.998 -58.9983   57.8204 59.8352
17.95  -59.9981 -58.9983   57.8222 59.8369
17.96  -59.9981 -58.9983   57.824 59.8385
17.97  -59.9981 -58.9984   57.8257 59.8401
17.98  -59.9981 -58.9984   57.8275 59.8417
17.99  -59.9981 -58.9984   57.8292 59.8433
18  -59.9981 -58.9984   57.8309 59.8448
18.01  -59.9982 -58.9984   57.8326 59.8464
18.02  -59.9982 -58.9984   57.8343 59.8479
18.03  -59.9982 -58.9985   57.8359 59.8495
18.04  -59.9982 -58.9985   57.8376 59.851
18.05  -59.9982 -58.9985   57.8392 59.8525
18.06  -59.9983 -58.9985   57.8408 59.8539
18.07  -59.9983 -58.9985   57.8424 59.8554
18.08  -59.9983 -58.9985   57.844 59.8568
18.09  -59.9983 -58.9985   57.8455 59.8583
18.1  -59.9983 -58.9986   57.8471 59.8597
18.11  -59.9983 -58.9986   57.8486 59.8611
18.12  -59.9984 -58.9986   57.8501 59.8625
18.13  -59.9984 -58.9986   57.8516 59.8639
18.14  -59.9984 -58.9986   57.8531 59.8652
18.15  -59.9984 -58.9986   57.8546 59.8666
18.16  -59.9984 -58.9986   57.856 59.8679
18.17  -59.9984 -58.9987   57.8575 59.8692
18.18  -59.9985 -58.9987   57.8589 59.8705
18.19  -59.9985 -58.9987   57.8603 59.8718
18.2  -59.9985 -58.9987   57.8617 59.8731
18.21  -59.9985 -58.9987   57.8631 59.8744
18.22  -59.9985 -58.9987   57.8644 59.8756
18.23  -59.9985 -58.9987   57.8658 59.8769
18.24  -59.9985 -58.9987   57.8671 59.8781
18.25  -59.9986 -58.9988   57.8685 59.8793
18.26  -59.9986 -58.9988   57.8698 59.8805
18.27  -59.9986 -58.9988   57.8711 59.8817
18.28  -59.9986 -58.9988   57.8724 59.8829
18.29  -59.9986 -58.9988   57.8737 59.8841
18.3  -59.9986 -58.9988   57.8749 59.8852
18.31  -59.9986 -58.9988   57.8762 59.8864
18.32  -59.9987 -58.9988   57.8774 59.8875
18.33  -59.9987 -58.9989   57.8786 59.8886
18.34  -59.9987 -58.9989   57.8798 59.8898
18.35  -59.9987 -58.9989   57.881 59.8909
18.36  -59.9987 -58.9989   57.8822 59.892
18.37  -59.9987 -58.9989   57.8834 59.893
18.38  -59.9987 -58.9989   57.8846 59.8941
18.39  -59.9987 -58.9989   57.8857 59.8952
18.4  -59.9988 -58.9989   57.8869 59.8962
18.41  -59.9988 -58.9989   57.888 59.8972
18.42  -59.9988 -58.999   57.8891 59.8983
18.43  -59.9988 -58.999   57.8902 59.8993
18.44  -59.9988 -58.999   57.8913 59.9003
18.45  -59.9988 -58.999   57.8924 59.9013
18.46  -59.9988 -58.999   57.8935 59.9023
18.47  -59.9988 -58.999   57.8946 59.9033
18.48  -59.9989 -58.999   57.8956 59.9042
18.49  -59.9989 -58.999   57.8967 59.9052
18.5  -59.9989 -58.999   57.8977 59.9061
18.51  -59.9989 -58.999   57.8987 59.9071
18.52  -59.9989 -58.9991   57.8997 59.908
18.53  -59.9989 -58.9991   57.9007 59.9089
18.54  -59.9989 -58.9991   57.9017 59.9098
18.55  -59.9989 -58.9991   57.9027 59.9107
18.56  -59.9989 -58.9991   57.9037 59.9116
18.57  -59.999 -58.9991   57.9046 59.9125
18.58  -59.999 -58.9991   57.9056 59.9134
18.59  -59.999 -58.9991   57.9065 59.9143
18.6  -59.999 -58.9991   57.9075 59.9151
18.61  -59.999 -58.9991   57.9084 59.916
18.62  -59.999 -58.9991   57.9093 59.9168
18.63  -59.999 -58.9992   57.9102 59.9176
18.64  -59.999 -58.9992   57.9111 59.9185
18.65  -59.999 -58.9992   57.912 59.9193
18.66  -59.999 -58.9992   57.9129 59.9201
18.67  -59.9991 -58.9992   57.9138 59.9209
18.68  -59.9991 -58.9992   57.9146 59.9217
18.69  -59.9991 -58.9992   57.9155 59.9224
18.7  -59.9991 -58.9992   57.9163 59.9232
18.71  -59.9991 -58.9992   57.9172 59.924
18.72  -59.9991 -58.9992   57.918 59.9248
18.73  -59.9991 -58.9992   57.9188 59.9255
18.74  -59.9991 -58.9992   57.9196 59.9263
18.75  -59.9991 -58.9993   57.9204 59.927
18.76  -59.9991 -58.9993   57.9212 59.9277
18.77  -59.9991 -58.9993   57.922 59.9284
18.78  -59.9992 -58.9993   57.9228 59.9292
18.79  -59.9992 -58.9993   57.9236 59.9299
18.8  -59.9992 -58.9993   57.9243 59.9306
18.81  -59.9992 -58.9993   57.9251 59.9313
18.82  -59.9992 -58.9993   57.9258 59.9319
18.83  -59.9992 -58.9993   57.9266 59.9326
