-50 -55 8 8
30 60 1 20
0.01  29.9452 29.9417   -48.8894 -58.8334
0.02  29.8903 29.8835   -48.7788 -58.6667
0.03  29.8355 29.8252   -48.6681 -58.5001
0.04  29.7807 29.767   -48.5575 -58.3335
0.05  29.7259 29.7087   -48.4469 -58.1669
0.06  29.671 29.6505   -48.3363 -58.0002
0.07  29.6162 29.5922   -48.2257 -57.8336
0.08  29.5614 29.534   -48.1151 -57.667
0.09  29.5065 29.4757   -48.0044 -57.5004
0.1  29.4517 29.4174   -47.8938 -57.3337
0.11  29.3969 29.3592   -47.7832 -57.1671
0.12  29.342 29.3009   -47.6726 -57.0005
0.13  29.2872 29.2427   -47.562 -56.8339
0.14  29.2324 29.1844   -47.4514 -56.6672
0.15  29.1776 29.1262   -47.3407 -56.5006
0.16  29.1227 29.0679   -47.2301 -56.334
0.17  29.0679 29.0096   -47.1195 -56.1674
0.18  29.0131 28.9514   -47.0089 -56.0007
0.19  28.9582 28.8931   -46.8983 -55.8341
0.2  28.9034 28.8349   -46.7877 -55.6675
0.21  28.8486 28.7766   -46.677 -55.5009
0.22  28.7938 28.7184   -46.5664 -55.3342
0.23  28.7389 28.6601   -46.4558 -55.1676
0.24  28.6841 28.6019   -46.3452 -55.001
0.25  28.6293 28.5436   -46.2346 -54.8344
0.26  28.5744 28.4853   -46.124 -54.6677
0.27  28.5196 28.4271   -46.0133 -54.5011
0.28  28.4648 28.3688   -45.9027 -54.3345
0.29  28.41 28.3106   -45.7921 -54.1679
0.3  28.3551 28.2523   -45.6815 -54.0012
0.31  28.3003 28.1941   -45.5709 -53.8346
0.32  28.2455 28.1358   -45.4603 -53.668
0.33  28.1906 28.0776   -45.3496 -53.5014
0.34  28.1358 28.0193   -45.239 -53.3347
0.35  28.081 27.961   -45.1284 -53.1681
0.36  28.0261 27.9028   -45.0178 -53.0015
0.37  27.9713 27.8445   -44.9072 -52.8349
0.38  27.9165 27.7863   -44.7966 -52.6682
0.39  27.8617 27.728   -44.6859 -52.5016
0.4  27.8068 27.6698   -44.5753 -52.335
0.41  27.752 27.6115   -44.4647 -52.1684
0.42  27.6972 27.5532   -44.3541 -52.0017
0.43  27.6423 27.495   -44.2435 -51.8351
0.44  27.5875 27.4367   -44.1329 -51.6685
0.45  27.5327 27.3785   -44.0222 -51.5019
0.46  27.4779 27.3202   -43.9116 -51.3352
0.47  27.423 27.262   -43.801 -51.1686
0.48  27.3682 27.2037   -43.6904 -51.002
0.49  27.3134 27.1455   -43.5798 -50.8354
0.5  27.2585 27.0872   -43.4692 -50.6687
0.51  27.2037 27.0289   -43.3585 -50.5021
0.52  27.1489 26.9707   -43.2479 -50.3355
0.53  27.0941 26.9124   -43.1373 -50.1689
0.54  27.0392 26.8542   -43.0267 -50.0022
0.55  26.9844 26.7959   -42.9161 -49.8356
0.56  26.9296 26.7377   -42.8055 -49.669
0.57  26.8747 26.6794   -42.6948 -49.5024
0.58  26.8199 26.6212   -42.5842 -49.3357
0.59  26.7651 26.5629   -42.4736 -49.1691
0.6  26.7102 26.5046   -42.363 -49.0025
0.61  26.6554 26.4464   -42.2524 -48.8359
0.62  26.6006 26.3881   -42.1418 -48.6692
0.63  26.5458 26.3299   -42.0311 -48.5026
0.64  26.4909 26.2716   -41.9205 -48.336
0.65  26.4361 26.2134   -41.8099 -48.1694
0.66  26.3813 26.1551   -41.6993 -48.0027
0.67  26.3264 26.0968   -41.5887 -47.8361
0.68  26.2716 26.0386   -41.4781 -47.6695
0.69  26.2168 25.9803   -41.3674 -47.5029
0.7  26.162 25.9221   -41.2568 -47.3362
0.71  26.1071 25.8638   -41.1462 -47.1696
0.72  26.0523 25.8056   -41.0356 -47.003
0.73  25.9975 25.7473   -40.925 -46.8364
0.74  25.9426 25.6891   -40.8144 -46.6697
0.75  25.8878 25.6308   -40.7037 -46.5031
0.76  25.833 25.5725   -40.5931 -46.3365
0.77  25.7782 25.5143   -40.4825 -46.1699
0.78  25.7233 25.456   -40.3719 -46.0032
0.79  25.6685 25.3978   -40.2613 -45.8366
0.8  25.6137 25.3395   -40.1507 -45.67
0.81  25.5588 25.2813   -40.04 -45.5034
0.82  25.504 25.223   -39.9294 -45.3367
0.83  25.4492 25.1648   -39.8188 -45.1701
0.84  25.3943 25.1065   -39.7082 -45.0035
0.85  25.3395 25.0482   -39.5976 -44.8369
0.86  25.2847 24.99   -39.487 -44.6702
0.87  25.2299 24.9317   -39.3763 -44.5036
0.88  25.175 24.8735   -39.2657 -44.337
0.89  25.1202 24.8152   -39.1551 -44.1704
0.9  25.0654 24.757   -39.0445 -44.0037
0.91  25.0105 24.6987   -38.9339 -43.8371
0.92  24.9557 24.6404   -38.8233 -43.6705
0.93  24.9009 24.5822   -38.7126 -43.5039
0.94  24.8461 24.5239   -38.602 -43.3372
0.95  24.7912 24.4657   -38.4914 -43.1706
0.96  24.7364 24.4074   -38.3808 -43.004
0.97  24.6816 24.3492   -38.2702 -42.8374
0.98  24.6267 24.2909   -38.1596 -42.6707
0.99  24.5719 24.2327   -38.0489 -42.5041
1  24.5171 24.1744   -37.9383 -42.3375
1.01  24.4623 24.1161   -37.8277 -42.1709
1.02  24.4074 24.0579   -37.7171 -42.0042
1.03  24.3526 23.9996   -37.6065 -41.8376
1.04  24.2978 23.9414   -37.4959 -41.671
1.05  24.2429 23.8831   -37.3852 -41.5044
1.06  24.1881 23.8249   -37.2746 -41.3377
1.07  24.1333 23.7666   -37.164 -41.1711
1.08  24.0784 23.7084   -37.0534 -41.0045
1.09  24.0236 23.6501   -36.9428 -40.8379
1.1  23.9688 23.5918   -36.8322 -40.6712
1.11  23.914 23.5336   -36.7215 -40.5046
1.12  23.8591 23.4753   -36.6109 -40.338
1.13  23.8043 23.4171   -36.5003 -40.1714
1.14  23.7495 23.3588   -36.3897 -40.0047
1.15  23.6946 23.3006   -36.2791 -39.8381
1.16  23.6398 23.2423   -36.1685 -39.6715
1.17  23.585 23.184   -36.0578 -39.5049
1.18  23.5302 23.1258   -35.9472 -39.3382
1.19  23.4753 23.0675   -35.8366 -39.1716
1.2  23.4205 23.0093   -35.726 -39.005
1.21  23.3657 22.951   -35.6154 -38.8384
1.22  23.3108 22.8928   -35.5048 -38.6717
1.23  23.256 22.8345   -35.3941 -38.5051
1.24  23.2012 22.7763   -35.2835 -38.3385
1.25  23.1464 22.718   -35.1729 -38.1719
1.26  23.0915 22.6597   -35.0623 -38.0052
1.27  23.0367 22.6015   -34.9517 -37.8386
1.28  22.9819 22.5432   -34.8411 -37.672
1.29  22.927 22.485   -34.7304 -37.5054
1.3  22.8722 22.4267   -34.6198 -37.3387
1.31  22.8174 22.3685   -34.5092 -37.1721
1.32  22.7625 22.3102   -34.3986 -37.0055
1.33  22.7077 22.252   -34.288 -36.8389
1.34  22.6529 22.1937   -34.1774 -36.6722
1.35  22.5981 22.1354   -34.0667 -36.5056
1.36  22.5432 22.0772   -33.9561 -36.339
1.37  22.4884 22.0189   -33.8455 -36.1724
1.38  22.4336 21.9607   -33.7349 -36.0057
1.39  22.3787 21.9024   -33.6243 -35.8391
1.4  22.3239 21.8442   -33.5137 -35.6725
1.41  22.2691 21.7859   -33.403 -35.5059
1.42  22.2143 21.7276   -33.2924 -35.3392
1.43  22.1594 21.6694   -33.1818 -35.1726
1.44  22.1046 21.6111   -33.0712 -35.006
1.45  22.0498 21.5529   -32.9606 -34.8394
1.46  21.9949 21.4946   -32.85 -34.6727
1.47  21.9401 21.4364   -32.7393 -34.5061
1.48  21.8853 21.3781   -32.6287 -34.3395
1.49  21.8305 21.3199   -32.5181 -34.1729
1.5  21.7756 21.2616   -32.4075 -34.0062
1.51  21.7208 21.2033   -32.2969 -33.8396
1.52  21.666 21.1451   -32.1863 -33.673
1.53  21.6111 21.0868   -32.0756 -33.5064
1.54  21.5563 21.0286   -31.965 -33.3397
1.55  21.5015 20.9703   -31.8544 -33.1731
1.56  21.4466 20.9121   -31.7438 -33.0065
1.57  21.3918 20.8538   -31.6332 -32.8398
1.58  21.337 20.7956   -31.5226 -32.6732
1.59  21.2822 20.7373   -31.4119 -32.5066
1.6  21.2273 20.679   -31.3013 -32.34
1.61  21.1725 20.6208   -31.1907 -32.1733
1.62  21.1177 20.5625   -31.0801 -32.0067
1.63  21.0628 20.5043   -30.9695 -31.8401
1.64  21.008 20.446   -30.8589 -31.6735
1.65  20.9532 20.3878   -30.7482 -31.5068
1.66  20.8984 20.3295   -30.6376 -31.3402
1.67  20.8435 20.2712   -30.527 -31.1736
1.68  20.7887 20.213   -30.4164 -31.007
1.69  20.7339 20.1547   -30.3058 -30.8403
1.7  20.679 20.0965   -30.1952 -30.6737
1.71  20.6242 20.0382   -30.0845 -30.5071
1.72  20.5694 19.98   -29.9739 -30.3405
1.73  20.5146 19.9217   -29.8633 -30.1738
1.74  20.4597 19.8635   -29.7527 -30.0072
1.75  20.4049 19.8052   -29.6421 -29.8406
1.76  20.3501 19.7469   -29.5315 -29.674
1.77  20.2952 19.6887   -29.4208 -29.5073
1.78  20.2404 19.6304   -29.3102 -29.3407
1.79  20.1856 19.5722   -29.1996 -29.1741
1.8  20.1307 19.5139   -29.089 -29.0075
1.81  20.0759 19.4557   -28.9784 -28.8408
1.82  20.0211 19.3974   -28.8678 -28.6742
1.83  19.9663 19.3392   -28.7571 -28.5076
1.84  19.9114 19.2809   -28.6465 -28.341
1.85  19.8566 19.2226   -28.5359 -28.1743
1.86  19.8018 19.1644   -28.4253 -28.0077
1.87  19.7469 19.1061   -28.3147 -27.8411
1.88  19.6921 19.0479   -28.2041 -27.6745
1.89  19.6373 18.9896   -28.0934 -27.5078
1.9  19.5825 18.9314   -27.9828 -27.3412
1.91  19.5276 18.8731   -27.8722 -27.1746
1.92  19.4728 18.8148   -27.7616 -27.008
1.93  19.418 18.7566   -27.651 -26.8413
1.94  19.3631 18.6983   -27.5404 -26.6747
1.95  19.3083 18.6401   -27.4297 -26.5081
1.96  19.2535 18.5818   -27.3191 -26.3415
1.97  19.1987 18.5236   -27.2085 -26.1748
1.98  19.1438 18.4653   -27.0979 -26.0082
1.99  19.089 18.4071   -26.9873 -25.8416
2  19.0342 18.3488   -26.8767 -25.675
2.01  18.9793 18.2905   -26.766 -25.5083
2.02  18.9245 18.2323   -26.6554 -25.3417
2.03  18.8697 18.174   -26.5448 -25.1751
2.04  18.8148 18.1158   -26.4342 -25.0085
2.05  18.76 18.0575   -26.3236 -24.8418
2.06  18.7052 17.9993   -26.213 -24.6752
2.07  18.6504 17.941   -26.1023 -24.5086
2.08  18.5955 17.8828   -25.9917 -24.342
2.09  18.5407 17.8245   -25.8811 -24.1753
2.1  18.4859 17.7662   -25.7705 -24.0087
2.11  18.431 17.708   -25.6599 -23.8421
2.12  18.3762 17.6497   -25.5493 -23.6755
2.13  18.3214 17.5915   -25.4386 -23.5088
2.14  18.2666 17.5332   -25.328 -23.3422
2.15  18.2117 17.475   -25.2174 -23.1756
2.16  18.1569 17.4167   -25.1068 -23.009
2.17  18.1021 17.3584   -24.9962 -22.8423
2.18  18.0472 17.3002   -24.8856 -22.6757
2.19  17.9924 17.2419   -24.7749 -22.5091
2.2  17.9376 17.1837   -24.6643 -22.3425
2.21  17.8828 17.1254   -24.5537 -22.1758
2.22  17.8279 17.0672   -24.4431 -22.0092
2.23  17.7731 17.0089   -24.3325 -21.8426
2.24  17.7183 16.9507   -24.2219 -21.676
2.25  17.6634 16.8924   -24.1112 -21.5093
2.26  17.6086 16.8341   -24.0006 -21.3427
2.27  17.5538 16.7759   -23.89 -21.1761
2.28  17.4989 16.7176   -23.7794 -21.0095
2.29  17.4441 16.6594   -23.6688 -20.8428
2.3  17.3893 16.6011   -23.5582 -20.6762
2.31  17.3345 16.5429   -23.4475 -20.5096
2.32  17.2796 16.4846   -23.3369 -20.343
2.33  17.2248 16.4264   -23.2263 -20.1763
2.34  17.17 16.3681   -23.1157 -20.0097
2.35  17.1151 16.3098   -23.0051 -19.8431
2.36  17.0603 16.2516   -22.8945 -19.6765
2.37  17.0055 16.1933   -22.7838 -19.5098
2.38  16.9507 16.1351   -22.6732 -19.3432
2.39  16.8958 16.0768   -22.5626 -19.1766
2.4  16.841 16.0186   -22.452 -19.01
2.41  16.7862 15.9603   -22.3414 -18.8433
2.42  16.7313 15.902   -22.2308 -18.6767
2.43  16.6765 15.8438   -22.1201 -18.5101
2.44  16.6217 15.7855   -22.0095 -18.3435
2.45  16.5669 15.7273   -21.8989 -18.1768
2.46  16.512 15.669   -21.7883 -18.0102
2.47  16.4572 15.6108   -21.6777 -17.8436
2.48  16.4024 15.5525   -21.5671 -17.677
2.49  16.3475 15.4943   -21.4564 -17.5103
2.5  16.2927 15.436   -21.3458 -17.3437
2.51  16.2379 15.3777   -21.2352 -17.1771
2.52  16.183 15.3195   -21.1246 -17.0105
2.53  16.1282 15.2612   -21.014 -16.8438
2.54  16.0734 15.203   -20.9034 -16.6772
2.55  16.0186 15.1447   -20.7927 -16.5106
2.56  15.9637 15.0865   -20.6821 -16.344
2.57  15.9089 15.0282   -20.5715 -16.1773
2.58  15.8541 14.97   -20.4609 -16.0107
2.59  15.7992 14.9117   -20.3503 -15.8441
2.6  15.7444 14.8534   -20.2397 -15.6775
2.61  15.6896 14.7952   -20.129 -15.5108
2.62  15.6348 14.7369   -20.0184 -15.3442
2.63  15.5799 14.6787   -19.9078 -15.1776
2.64  15.5251 14.6204   -19.7972 -15.011
2.65  15.4703 14.5622   -19.6866 -14.8443
2.66  15.4154 14.5039   -19.576 -14.6777
2.67  15.3606 14.4456   -19.4653 -14.5111
2.68  15.3058 14.3874   -19.3547 -14.3445
2.69  15.251 14.3291   -19.2441 -14.1778
2.7  15.1961 14.2709   -19.1335 -14.0112
2.71  15.1413 14.2126   -19.0229 -13.8446
2.72  15.0865 14.1544   -18.9123 -13.678
2.73  15.0316 14.0961   -18.8016 -13.5113
2.74  14.9768 14.0379   -18.691 -13.3447
2.75  14.922 13.9796   -18.5804 -13.1781
2.76  14.8671 13.9213   -18.4698 -13.0115
2.77  14.8123 13.8631   -18.3592 -12.8448
2.78  14.7575 13.8048   -18.2486 -12.6782
2.79  14.7027 13.7466   -18.1379 -12.5116
2.8  14.6478 13.6883   -18.0273 -12.345
2.81  14.593 13.6301   -17.9167 -12.1783
2.82  14.5382 13.5718   -17.8061 -12.0117
2.83  14.4833 13.5136   -17.6955 -11.8451
2.84  14.4285 13.4553   -17.5849 -11.6785
2.85  14.3737 13.397   -17.4742 -11.5118
2.86  14.3189 13.3388   -17.3636 -11.3452
2.87  14.264 13.2805   -17.253 -11.1786
2.88  14.2092 13.2223   -17.1424 -11.012
2.89  14.1544 13.164   -17.0318 -10.8453
2.9  14.0995 13.1058   -16.9212 -10.6787
2.91  14.0447 13.0475   -16.8105 -10.5121
2.92  13.9899 12.9892   -16.6999 -10.3455
2.93  13.9351 12.931   -16.5893 -10.1788
2.94  13.8802 12.8727   -16.4787 -10.0122
2.95  13.8254 12.8145   -16.3681 -9.84558
2.96  13.7706 12.7562   -16.2575 -9.67895
2.97  13.7157 12.698   -16.1468 -9.51233
2.98  13.6609 12.6397   -16.0362 -9.3457
2.99  13.6061 12.5815   -15.9256 -9.17908
3  13.5512 12.5232   -15.815 -9.01245
3.01  13.4964 12.4649   -15.7044 -8.84583
3.02  13.4416 12.4067   -15.5938 -8.6792
3.03  13.3868 12.3484   -15.4831 -8.51258
3.04  13.3319 12.2902   -15.3725 -8.34595
3.05  13.2771 12.2319   -15.2619 -8.17933
3.06  13.2223 12.1737   -15.1513 -8.0127
3.07  13.1674 12.1154   -15.0407 -7.84608
3.08  13.1126 12.0572   -14.9301 -7.67945
3.09  13.0578 11.9989   -14.8194 -7.51282
3.1  13.003 11.9406   -14.7088 -7.3462
3.11  12.9481 11.8824   -14.5982 -7.17957
3.12  12.8933 11.8241   -14.4876 -7.01295
3.13  12.8385 11.7659   -14.377 -6.84632
3.14  12.7836 11.7076   -14.2664 -6.6797
3.15  12.7288 11.6494   -14.1557 -6.51307
3.16  12.674 11.5911   -14.0451 -6.34645
3.17  12.6192 11.5328   -13.9345 -6.17982
3.18  12.5643 11.4746   -13.8239 -6.0132
3.19  12.5095 11.4163   -13.7133 -5.84657
3.2  12.4547 11.3581   -13.6027 -5.67995
3.21  12.3998 11.2998   -13.492 -5.51332
3.22  12.345 11.2416   -13.3814 -5.3467
3.23  12.2902 11.1833   -13.2708 -5.18007
3.24  12.2353 11.1251   -13.1602 -5.01345
3.25  12.1805 11.0668   -13.0496 -4.84682
3.26  12.1257 11.0085   -12.939 -4.6802
3.27  12.0709 10.9503   -12.8283 -4.51357
3.28  12.016 10.892   -12.7177 -4.34695
3.29  11.9612 10.8338   -12.6071 -4.18032
3.3  11.9064 10.7755   -12.4965 -4.0137
3.31  11.8515 10.7173   -12.3859 -3.84707
3.32  11.7967 10.659   -12.2753 -3.68045
3.33  11.7419 10.6008   -12.1646 -3.51382
3.34  11.6871 10.5425   -12.054 -3.3472
3.35  11.6322 10.4842   -11.9434 -3.18057
3.36  11.5774 10.426   -11.8328 -3.01395
3.37  11.5226 10.3677   -11.7222 -2.84732
3.38  11.4677 10.3095   -11.6116 -2.6807
3.39  11.4129 10.2512   -11.5009 -2.51407
3.4  11.3581 10.193   -11.3903 -2.34744
3.41  11.3033 10.1347   -11.2797 -2.18082
3.42  11.2484 10.0764   -11.1691 -2.01419
3.43  11.1936 10.0182   -11.0585 -1.84757
3.44  11.1388 9.95994   -10.9479 -1.68094
3.45  11.0839 9.90168   -10.8372 -1.51432
3.46  11.0291 9.84342   -10.7266 -1.34769
3.47  10.9743 9.78517   -10.616 -1.18107
3.48  10.9194 9.72691   -10.5054 -1.01444
3.49  10.8646 9.66866   -10.3948 -0.847818
3.5  10.8098 9.6104   -10.2842 -0.681193
3.51  10.755 9.55214   -10.1735 -0.514568
3.52  10.7001 9.49389   -10.0629 -0.347943
3.53  10.6453 9.43563   -9.9523 -0.181318
3.54  10.5905 9.37738   -9.84169 -0.0146925
3.55  10.5356 9.31912   -9.73107 0.151933
3.56  10.4808 9.26086   -9.62045 0.318558
3.57  10.426 9.20261   -9.50984 0.485183
3.58  10.3712 9.14435   -9.39922 0.651808
3.59  10.3163 9.0861   -9.2886 0.818433
3.6  10.2615 9.02784   -9.17799 0.985058
3.61  10.2067 8.96958   -9.06737 1.15168
3.62  10.1518 8.91133   -8.95675 1.31831
3.63  10.097 8.85307   -8.84614 1.48493
3.64  10.0422 8.79482   -8.73552 1.65156
3.65  9.98735 8.73656   -8.6249 1.81818
3.66  9.93252 8.6783   -8.51429 1.98481
3.67  9.87769 8.62005   -8.40367 2.15143
3.68  9.82286 8.56179   -8.29305 2.31806
3.69  9.76803 8.50354   -8.18244 2.48468
3.7  9.7132 8.44528   -8.07182 2.65131
3.71  9.65838 8.38702   -7.9612 2.81794
3.72  9.60355 8.32877   -7.85059 2.98456
3.73  9.54872 8.27051   -7.73997 3.15119
3.74  9.49389 8.21226   -7.62935 3.31781
3.75  9.43906 8.154   -7.51874 3.48444
3.76  9.38423 8.09574   -7.40812 3.65106
3.77  9.3294 8.03749   -7.2975 3.81769
3.78  9.27457 7.97923   -7.18689 3.98431
3.79  9.21974 7.92098   -7.07627 4.15094
3.8  9.16491 7.86272   -6.96565 4.31756
3.81  9.11008 7.80446   -6.85504 4.48419
3.82  9.05525 7.74621   -6.74442 4.65081
3.83  9.00043 7.68795   -6.6338 4.81744
3.84  8.9456 7.6297   -6.52319 4.98406
3.85  8.89077 7.57144   -6.41257 5.15069
3.86  8.83594 7.51318   -6.30195 5.31731
3.87  8.78111 7.45493   -6.19134 5.48394
3.88  8.72628 7.39667   -6.08072 5.65056
3.89  8.67145 7.33842   -5.9701 5.81719
3.9  8.61662 7.28016   -5.85949 5.98381
3.91  8.56179 7.2219   -5.74887 6.15044
3.92  8.50696 7.16365   -5.63825 6.31706
3.93  8.45213 7.10539   -5.52764 6.48369
3.94  8.3973 7.04714   -5.41702 6.65031
3.95  8.34248 6.98888   -5.3064 6.81694
3.96  8.28765 6.93062   -5.19579 6.98356
3.97  8.23282 6.87237   -5.08517 7.15019
3.98  8.17799 6.81411   -4.97455 7.31681
3.99  8.12316 6.75586   -4.86393 7.48344
4  8.06833 6.6976   -4.75332 7.65006
4.01  8.0135 6.63934   -4.6427 7.81669
4.02  7.95867 6.58109   -4.53208 7.98332
4.03  7.90384 6.52283   -4.42147 8.14994
4.04  7.84901 6.46458   -4.31085 8.31657
4.05  7.79418 6.40632   -4.20023 8.48319
4.06  7.73935 6.34806   -4.08962 8.64982
4.07  7.68453 6.28981   -3.979 8.81644
4.08  7.6297 6.23155   -3.86838 8.98307
4.09  7.57487 6.1733   -3.75777 9.14969
4.1  7.52004 6.11504   -3.64715 9.31632
4.11  7.46521 6.05678   -3.53653 9.48294
4.12  7.41038 5.99853   -3.42592 9.64957
4.13  7.35555 5.94027   -3.3153 9.81619
4.14  7.30072 5.88202   -3.20468 9.98282
4.15  7.24589 5.82376   -3.09407 10.1494
4.16  7.19106 5.7655   -2.98345 10.3161
4.17  7.13623 5.70725   -2.87283 10.4827
4.18  7.0814 5.64899   -2.76222 10.6493
4.19  7.02658 5.59074   -2.6516 10.8159
4.2  6.97175 5.53248   -2.54098 10.9826
4.21  6.91692 5.47422   -2.43037 11.1492
4.22  6.86209 5.41597   -2.31975 11.3158
4.23  6.80726 5.35771   -2.20913 11.4824
4.24  6.75243 5.29946   -2.09852 11.6491
4.25  6.6976 5.2412   -1.9879 11.8157
4.26  6.64277 5.18294   -1.87728 11.9823
4.27  6.58794 5.12469   -1.76667 12.1489
4.28  6.53311 5.06643   -1.65605 12.3156
4.29  6.47828 5.00818   -1.54543 12.4822
4.3  6.42345 4.94992   -1.43482 12.6488
4.31  6.36863 4.89166   -1.3242 12.8154
4.32  6.3138 4.83341   -1.21358 12.9821
4.33  6.25897 4.77515   -1.10297 13.1487
4.34  6.20414 4.7169   -0.99235 13.3153
4.35  6.14931 4.65864   -0.881734 13.4819
4.36  6.09448 4.60038   -0.771117 13.6486
4.37  6.03965 4.54213   -0.6605 13.8152
4.38  5.98482 4.48387   -0.549883 13.9818
4.39  5.92999 4.42562   -0.439267 14.1484
4.4  5.87516 4.36736   -0.32865 14.3151
4.41  5.82033 4.3091   -0.218033 14.4817
4.42  5.7655 4.25085   -0.107417 14.6483
4.43  5.71068 4.19259   0.00320004 14.8149
4.44  5.65585 4.13434   0.113817 14.9816
4.45  5.60102 4.07608   0.224433 15.1482
4.46  5.54619 4.01782   0.33505 15.3148
4.47  5.49136 3.95957   0.445667 15.4814
4.48  5.43653 3.90131   0.556284 15.6481
4.49  5.3817 3.84306   0.6669 15.8147
4.5  5.32687 3.7848   0.777517 15.9813
4.51  5.27204 3.72654   0.888134 16.1479
4.52  5.21721 3.66829   0.99875 16.3146
4.53  5.16238 3.61003   1.10937 16.4812
4.54  5.10755 3.55178   1.21998 16.6478
4.55  5.05272 3.49352   1.3306 16.8144
4.56  4.9979 3.43526   1.44122 16.9811
4.57  4.94307 3.37701   1.55183 17.1477
4.58  4.88824 3.31875   1.66245 17.3143
4.59  4.83341 3.2605   1.77307 17.4809
4.6  4.77858 3.20224   1.88368 17.6476
4.61  4.72375 3.14398   1.9943 17.8142
4.62  4.66892 3.08573   2.10492 17.9808
4.63  4.61409 3.02747   2.21553 18.1475
4.64  4.55926 2.96922   2.32615 18.3141
4.65  4.50443 2.91096   2.43677 18.4807
4.66  4.4496 2.8527   2.54738 18.6473
4.67  4.39477 2.79445   2.658 18.814
4.68  4.33995 2.73619   2.76862 18.9806
4.69  4.28512 2.67794   2.87923 19.1472
4.7  4.23029 2.61968   2.98985 19.3138
4.71  4.17546 2.56142   3.10047 19.4805
4.72  4.12063 2.50317   3.21108 19.6471
4.73  4.0658 2.44491   3.3217 19.8137
4.74  4.01097 2.38666   3.43232 19.9803
4.75  3.95614 2.3284   3.54293 20.147
4.76  3.90131 2.27014   3.65355 20.3136
4.77  3.84648 2.21189   3.76417 20.4802
4.78  3.79165 2.15363   3.87478 20.6468
4.79  3.73682 2.09538   3.9854 20.8135
4.8  3.682 2.03712   4.09602 20.9801
4.81  3.62717 1.97886   4.20663 21.1467
4.82  3.57234 1.92061   4.31725 21.3133
4.83  3.51751 1.86235   4.42787 21.48
4.84  3.46268 1.8041   4.53848 21.6466
4.85  3.40785 1.74584   4.6491 21.8132
4.86  3.35302 1.68758   4.75972 21.9798
4.87  3.29819 1.62933   4.87034 22.1465
4.88  3.24336 1.57107   4.98095 22.3131
4.89  3.18853 1.51282   5.09157 22.4797
4.9  3.1337 1.45456   5.20219 22.6463
4.91  3.07887 1.3963   5.3128 22.813
4.92  3.02405 1.33805   5.42342 22.9796
4.93  2.96922 1.27979   5.53404 23.1462
4.94  2.91439 1.22154   5.64465 23.3128
4.95  2.85956 1.16328   5.75527 23.4795
4.96  2.80473 1.10502   5.86589 23.6461
4.97  2.7499 1.04677   5.9765 23.8127
4.98  2.69507 0.988512   6.08712 23.9793
4.99  2.64024 0.930256   6.19774 24.146
5  2.58541 0.872   6.30835 24.3126
5.01  2.53058 0.813744   6.41897 24.4792
5.02  2.47575 0.755488   6.52959 24.6458
5.03  2.42092 0.697232   6.6402 24.8125
5.04  2.3661 0.638976   6.75082 24.9791
5.05  2.31127 0.58072   6.86144 25.1457
5.06  2.25644 0.522464   6.97205 25.3123
5.07  2.20161 0.464208   7.08267 25.479
5.08  2.14678 0.405952   7.19329 25.6456
5.09  2.09195 0.347696   7.3039 25.8122
5.1  2.03712 0.28944   7.41452 25.9788
5.11  1.98229 0.231184   7.52514 26.1455
5.12  1.92746 0.172928   7.63575 26.3121
5.13  1.87263 0.114672   7.74637 26.4787
5.14  1.8178 0.0564163   7.85699 26.6453
5.15  1.76297 -0.0018397   7.9676 26.812
5.16  1.70815 -0.0600957   8.07822 26.9786
5.17  1.65332 -0.118352   8.18884 27.1452
5.18  1.59849 -0.176608   8.29945 27.3118
5.19  1.54366 -0.234864   8.41007 27.4785
5.2  1.48883 -0.29312   8.52069 27.6451
5.21  1.434 -0.351376   8.6313 27.8117
5.22  1.37917 -0.409632   8.74192 27.9783
5.23  1.32434 -0.467888   8.85254 28.145
5.24  1.26951 -0.526144   8.96315 28.3116
5.25  1.21468 -0.5844   9.07377 28.4782
5.26  1.15985 -0.642656   9.18439 28.6448
5.27  1.10502 -0.700912   9.295 28.8115
5.28  1.0502 -0.759168   9.40562 28.9781
5.29  0.995366 -0.817424   9.51624 29.1447
5.3  0.940537 -0.87568   9.62685 29.3113
5.31  0.885708 -0.933936   9.73747 29.478
5.32  0.830878 -0.992192   9.84809 29.6446
5.33  0.776049 -1.05045   9.9587 29.8112
5.34  0.72122 -1.1087   10.0693 29.9778
5.35  0.666391 -1.16696   10.1799 30.1445
5.36  0.611562 -1.22522   10.2906 30.3111
5.37  0.556733 -1.28347   10.4012 30.4777
5.38  0.501903 -1.34173   10.5118 30.6443
5.39  0.447074 -1.39998   10.6224 30.811
5.4  0.392245 -1.45824   10.733 30.9776
5.41  0.337416 -1.5165   10.8436 31.1442
5.42  0.282587 -1.57475   10.9543 31.3108
5.43  0.227757 -1.63301   11.0649 31.4775
5.44  0.172928 -1.69126   11.1755 31.6441
5.45  0.118099 -1.74952   11.2861 31.8107
5.46  0.0632699 -1.80778   11.3967 31.9773
5.47  0.00844077 -1.86603   11.5073 32.144
5.48  -0.0463884 -1.92429   11.618 32.3106
5.49  -0.101218 -1.98254   11.7286 32.4772
5.5  -0.156047 -2.0408   11.8392 32.6438
5.51  -0.210876 -2.09906   11.9498 32.8105
5.52  -0.265705 -2.15731   12.0604 32.9771
5.53  -0.320534 -2.21557   12.171 33.1437
5.54  -0.375363 -2.27382   12.2817 33.3103
5.55  -0.430193 -2.33208   12.3923 33.477
5.56  -0.485022 -2.39034   12.5029 33.6436
5.57  -0.539851 -2.44859   12.6135 33.8102
5.58  -0.59468 -2.50685   12.7241 33.9768
5.59  -0.649509 -2.5651   12.8347 34.1435
5.6  -0.704339 -2.62336   12.9454 34.3101
5.61  -0.759168 -2.68162   13.056 34.4767
5.62  -0.813997 -2.73987   13.1666 34.6433
5.63  -0.868826 -2.79813   13.2772 34.81
5.64  -0.923655 -2.85638   13.3878 34.9766
5.65  -0.978484 -2.91464   13.4984 35.1432
5.66  -1.03331 -2.9729   13.6091 35.3098
5.67  -1.08814 -3.03115   13.7197 35.4765
5.68  -1.14297 -3.08941   13.8303 35.6431
5.69  -1.1978 -3.14766   13.9409 35.8097
5.7  -1.25263 -3.20592   14.0515 35.9763
5.71  -1.30746 -3.26418   14.1621 36.143
5.72  -1.36229 -3.32243   14.2728 36.3096
5.73  -1.41712 -3.38069   14.3834 36.4762
5.74  -1.47195 -3.43894   14.494 36.6428
5.75  -1.52678 -3.4972   14.6046 36.8095
5.76  -1.58161 -3.55546   14.7152 36.9761
5.77  -1.63643 -3.61371   14.8258 37.1427
5.78  -1.69126 -3.67197   14.9365 37.3093
5.79  -1.74609 -3.73022   15.0471 37.476
5.8  -1.80092 -3.78848   15.1577 37.6426
5.81  -1.85575 -3.84674   15.2683 37.8092
5.82  -1.91058 -3.90499   15.3789 37.9758
5.83  -1.96541 -3.96325   15.4895 38.1425
5.84  -2.02024 -4.0215   15.6002 38.3091
5.85  -2.07507 -4.07976   15.7108 38.4757
5.86  -2.1299 -4.13802   15.8214 38.6423
5.87  -2.18473 -4.19627   15.932 38.809
5.88  -2.23956 -4.25453   16.0426 38.9756
5.89  -2.29438 -4.31278   16.1532 39.1422
5.9  -2.34921 -4.37104   16.2639 39.3088
5.91  -2.40404 -4.4293   16.3745 39.4755
5.92  -2.45887 -4.48755   16.4851 39.6421
5.93  -2.5137 -4.54581   16.5957 39.8087
5.94  -2.56853 -4.60406   16.7063 39.9753
5.95  -2.62336 -4.66232   16.8169 40.142
5.96  -2.67819 -4.72058   16.9276 40.3086
5.97  -2.73302 -4.77883   17.0382 40.4752
5.98  -2.78785 -4.83709   17.1488 40.6418
5.99  -2.84268 -4.89534   17.2594 40.8085
6  -2.89751 -4.9536   17.37 40.9751
6.01  -2.95233 -5.01186   17.4806 41.1417
6.02  -3.00716 -5.07011   17.5913 41.3083
6.03  -3.06199 -5.12837   17.7019 41.475
6.04  -3.11682 -5.18662   17.8125 41.6416
6.05  -3.17165 -5.24488   17.9231 41.8082
6.06  -3.22648 -5.30314   18.0337 41.9748
6.07  -3.28131 -5.36139   18.1443 42.1415
6.08  -3.33614 -5.41965   18.255 42.3081
6.09  -3.39097 -5.4779   18.3656 42.4747
6.1  -3.4458 -5.53616   18.4762 42.6413
6.11  -3.50063 -5.59442   18.5868 42.808
6.12  -3.55546 -5.65267   18.6974 42.9746
6.13  -3.61028 -5.71093   18.808 43.1412
6.14  -3.66511 -5.76918   18.9187 43.3078
6.15  -3.71994 -5.82744   19.0293 43.4745
6.16  -3.77477 -5.8857   19.139 43.6397
6.17  -3.8296 -5.94395   19.2476 43.8033
6.18  -3.88443 -6.00221   19.3551 43.9653
6.19  -3.93926 -6.06046   19.4616 44.1256
6.2  -3.99409 -6.11872   19.5669 44.2844
6.21  -4.04892 -6.17698   19.6713 44.4415
6.22  -4.10375 -6.23523   19.7746 44.5971
6.23  -4.15858 -6.29349   19.8768 44.7512
6.24  -4.21341 -6.35174   19.9781 44.9036
6.25  -4.26823 -6.41   20.0783 45.0546
6.26  -4.32306 -6.46826   20.1775 45.2041
6.27  -4.37789 -6.52651   20.2757 45.352
6.28  -4.43272 -6.58477   20.373 45.4985
6.29  -4.48755 -6.64302   20.4692 45.6435
6.3  -4.54238 -6.70128   20.5645 45.7871
6.31  -4.59721 -6.75954   20.6589 45.9292
6.32  -4.65204 -6.81779   20.7523 46.0699
6.33  -4.70687 -6.87605   20.8448 46.2092
6.34  -4.7617 -6.9343   20.9363 46.3471
6.35  -4.81653 -6.99256   21.027 46.4837
6.36  -4.87136 -7.05082   21.1167 46.6188
6.37  -4.92619 -7.10907   21.2055 46.7526
6.38  -4.98101 -7.16733   21.2935 46.8851
6.39  -5.03584 -7.22558   21.3805 47.0163
6.4  -5.09067 -7.28384   21.4667 47.1461
6.41  -5.1455 -7.3421   21.5521 47.2746
6.42  -5.20033 -7.40035   21.6365 47.4019
6.43  -5.25516 -7.45861   21.7202 47.5279
6.44  -5.30999 -7.51686   21.803 47.6526
6.45  -5.36482 -7.57512   21.8849 47.7761
6.46  -5.41965 -7.63338   21.9661 47.8983
6.47  -5.47448 -7.69163   22.0464 48.0193
6.48  -5.52931 -7.74989   22.126 48.1391
6.49  -5.58414 -7.80814   22.2047 48.2577
6.5  -5.63896 -7.8664   22.2827 48.3752
6.51  -5.69379 -7.92466   22.3598 48.4914
6.52  -5.74862 -7.98291   22.4362 48.6065
6.53  -5.80345 -8.04117   22.5119 48.7204
6.54  -5.85828 -8.09942   22.5868 48.8332
6.55  -5.91311 -8.15768   22.6609 48.9449
6.56  -5.96794 -8.21594   22.7343 49.0554
6.57  -6.02277 -8.27419   22.8069 49.1649
6.58  -6.0776 -8.33245   22.8789 49.2732
6.59  -6.13243 -8.3907   22.9501 49.3805
6.6  -6.18726 -8.44896   23.0206 49.4867
6.61  -6.24209 -8.50722   23.0904 49.5918
6.62  -6.29691 -8.56547   23.1595 49.6959
6.63  -6.35174 -8.62373   23.2279 49.799
6.64  -6.40657 -8.68198   23.2956 49.901
6.65  -6.4614 -8.74024   23.3626 50.002
6.66  -6.51623 -8.7985   23.429 50.1019
6.67  -6.57106 -8.85675   23.4947 50.2009
6.68  -6.62589 -8.91501   23.5598 50.2989
6.69  -6.68072 -8.97326   23.6242 50.3959
6.7  -6.73555 -9.03152   23.6879 50.492
6.71  -6.79038 -9.08978   23.7511 50.587
6.72  -6.84521 -9.14803   23.8136 50.6812
6.73  -6.90004 -9.20629   23.8754 50.7744
6.74  -6.95486 -9.26454   23.9367 50.8666
6.75  -7.00969 -9.3228   23.9973 50.9579
6.76  -7.06452 -9.38106   24.0573 51.0484
6.77  -7.11935 -9.43931   24.1167 51.1379
6.78  -7.17418 -9.49757   24.1756 51.2265
6.79  -7.22901 -9.55582   24.2338 51.3142
6.8  -7.28384 -9.61408   24.2915 51.4011
6.81  -7.33867 -9.67234   24.3486 51.4871
6.82  -7.3935 -9.73059   24.4051 51.5722
6.83  -7.44833 -9.78885   24.461 51.6565
6.84  -7.50316 -9.8471   24.5164 51.7399
6.85  -7.55799 -9.90536   24.5713 51.8225
6.86  -7.61281 -9.96362   24.6255 51.9043
6.87  -7.66764 -10.0219   24.6793 51.9853
6.88  -7.72247 -10.0801   24.7325 52.0654
6.89  -7.7773 -10.1384   24.7852 52.1448
6.9  -7.83213 -10.1966   24.8373 52.2233
6.91  -7.88696 -10.2549   24.8889 52.3011
6.92  -7.94179 -10.3132   24.9401 52.3781
6.93  -7.99662 -10.3714   24.9907 52.4543
6.94  -8.05145 -10.4297   25.0408 52.5297
6.95  -8.10628 -10.4879   25.0903 52.6044
6.96  -8.16111 -10.5462   25.1394 52.6784
6.97  -8.21594 -10.6044   25.188 52.7516
6.98  -8.27076 -10.6627   25.2362 52.8241
6.99  -8.32559 -10.7209   25.2838 52.8959
7  -8.38042 -10.7792   25.331 52.9669
7.01  -8.43525 -10.8375   25.3777 53.0372
7.02  -8.49008 -10.8957   25.4239 53.1069
7.03  -8.54491 -10.954   25.4696 53.1758
7.04  -8.59974 -11.0122   25.5149 53.244
7.05  -8.65457 -11.0705   25.5598 53.3116
7.06  -8.7094 -11.1287   25.6042 53.3785
7.07  -8.76423 -11.187   25.6482 53.4447
7.08  -8.81906 -11.2452   25.6917 53.5102
7.09  -8.87389 -11.3035   25.7348 53.5751
7.1  -8.92871 -11.3618   25.7774 53.6394
7.11  -8.98354 -11.42   25.8196 53.703
7.12  -9.03837 -11.4783   25.8614 53.766
7.13  -9.0932 -11.5365   25.9028 53.8283
7.14  -9.14803 -11.5948   25.9438 53.89
7.15  -9.20286 -11.653   25.9844 53.9511
7.16  -9.25769 -11.7113   26.0245 54.0116
7.17  -9.31252 -11.7696   26.0643 54.0715
7.18  -9.36735 -11.8278   26.1036 54.1308
7.19  -9.42218 -11.8861   26.1426 54.1895
7.2  -9.47701 -11.9443   26.1812 54.2476
7.21  -9.53184 -12.0026   26.2194 54.3051
7.22  -9.58667 -12.0608   26.2572 54.3621
7.23  -9.64149 -12.1191   26.2946 54.4184
7.24  -9.69632 -12.1773   26.3316 54.4742
7.25  -9.75115 -12.2356   26.3683 54.5295
7.26  -9.80598 -12.2939   26.4046 54.5842
7.27  -9.86081 -12.3521   26.4406 54.6384
7.28  -9.91564 -12.4104   26.4762 54.692
7.29  -9.97047 -12.4686   26.5114 54.7451
7.3  -10.0253 -12.5269   26.5463 54.7976
7.31  -10.0801 -12.5851   26.5809 54.8496
7.32  -10.135 -12.6434   26.615 54.9011
7.33  -10.1898 -12.7016   26.6489 54.9521
7.34  -10.2446 -12.7599   26.6824 55.0026
7.35  -10.2994 -12.8182   26.7156 55.0526
7.36  -10.3543 -12.8764   26.7484 55.1021
7.37  -10.4091 -12.9347   26.7809 55.151
7.38  -10.4639 -12.9929   26.8131 55.1995
7.39  -10.5188 -13.0512   26.845 55.2475
7.4  -10.5736 -13.1094   26.8765 55.2951
7.41  -10.6284 -13.1677   26.9078 55.3421
7.42  -10.6832 -13.226   26.9387 55.3887
7.43  -10.7381 -13.2842   26.9693 55.4348
7.44  -10.7929 -13.3425   26.9996 55.4804
7.45  -10.8477 -13.4007   27.0296 55.5256
7.46  -10.9026 -13.459   27.0593 55.5704
7.47  -10.9574 -13.5172   27.0887 55.6147
7.48  -11.0122 -13.5755   27.1179 55.6585
7.49  -11.0671 -13.6337   27.1467 55.702
7.5  -11.1219 -13.692   27.1752 55.7449
7.51  -11.1767 -13.7503   27.2035 55.7875
7.52  -11.2315 -13.8085   27.2314 55.8296
7.53  -11.2864 -13.8668   27.2591 55.8713
7.54  -11.3412 -13.925   27.2865 55.9126
7.55  -11.396 -13.9833   27.3136 55.9535
7.56  -11.4509 -14.0415   27.3405 55.9939
7.57  -11.5057 -14.0998   27.3671 56.034
7.58  -11.5605 -14.158   27.3934 56.0737
7.59  -11.6153 -14.2163   27.4195 56.1129
7.6  -11.6702 -14.2746   27.4453 56.1518
7.61  -11.725 -14.3328   27.4709 56.1903
7.62  -11.7798 -14.3911   27.4961 56.2284
7.63  -11.8347 -14.4493   27.5212 56.2661
7.64  -11.8895 -14.5076   27.546 56.3034
7.65  -11.9443 -14.5658   27.5705 56.3404
7.66  -11.9991 -14.6241   27.5948 56.377
7.67  -12.054 -14.6824   27.6189 56.4132
7.68  -12.1088 -14.7406   27.6427 56.4491
7.69  -12.1636 -14.7989   27.6662 56.4846
7.7  -12.2185 -14.8571   27.6896 56.5198
7.71  -12.2733 -14.9154   27.7127 56.5546
7.72  -12.3281 -14.9736   27.7356 56.589
7.73  -12.383 -15.0319   27.7582 56.6231
7.74  -12.4378 -15.0901   27.7806 56.6569
7.75  -12.4926 -15.1484   27.8028 56.6903
7.76  -12.5474 -15.2067   27.8248 56.7234
7.77  -12.6023 -15.2649   27.8465 56.7562
7.78  -12.6571 -15.3232   27.8681 56.7886
7.79  -12.7119 -15.3814   27.8894 56.8207
7.8  -12.7668 -15.4397   27.9105 56.8525
7.81  -12.8216 -15.4979   27.9314 56.884
7.82  -12.8764 -15.5562   27.9521 56.9152
7.83  -12.9312 -15.6144   27.9726 56.946
7.84  -12.9861 -15.6727   27.9928 56.9765
7.85  -13.0409 -15.731   28.0129 57.0068
7.86  -13.0957 -15.7892   28.0328 57.0367
7.87  -13.1506 -15.8475   28.0524 57.0663
7.88  -13.2054 -15.9057   28.0719 57.0957
7.89  -13.2602 -15.964   28.0912 57.1247
7.9  -13.315 -16.0222   28.1103 57.1535
7.91  -13.3699 -16.0805   28.1292 57.1819
7.92  -13.4247 -16.1388   28.1479 57.2101
7.93  -13.4795 -16.197   28.1664 57.238
7.94  -13.5344 -16.2553   28.1848 57.2656
7.95  -13.5892 -16.3135   28.2029 57.293
7.96  -13.644 -16.3718   28.2209 57.3201
7.97  -13.6989 -16.43   28.2387 57.3469
7.98  -13.7537 -16.4883   28.2563 57.3734
7.99  -13.8085 -16.5465   28.2737 57.3997
8  -13.8633 -16.6048   28.291 57.4257
8.01  -13.9182 -16.6631   28.3081 57.4514
8.02  -13.973 -16.7213   28.325 57.4769
8.03  -14.0278 -16.7796   28.3417 57.5021
8.04  -14.0827 -16.8378   28.3583 57.5271
8.05  -14.1375 -16.8961   28.3747 57.5518
8.06  -14.1923 -16.9543   28.391 57.5763
8.07  -14.2471 -17.0126   28.4071 57.6005
8.08  -14.302 -17.0708   28.423 57.6245
8.09  -14.3568 -17.1291   28.4388 57.6483
8.1  -14.4116 -17.1874   28.4544 57.6718
8.11  -14.4665 -17.2456   28.4699 57.6951
8.12  -14.5213 -17.3039   28.4852 57.7181
8.13  -14.5761 -17.3621   28.5003 57.741
8.14  -14.6309 -17.4204   28.5153 57.7636
8.15  -14.6858 -17.4786   28.5301 57.7859
8.16  -14.7406 -17.5369   28.5448 57.8081
8.17  -14.7954 -17.5952   28.5594 57.83
8.18  -14.8503 -17.6534   28.5738 57.8517
8.19  -14.9051 -17.7117   28.5881 57.8732
8.2  -14.9599 -17.7699   28.6022 57.8944
8.21  -15.0148 -17.8282   28.6162 57.9155
8.22  -15.0696 -17.8864   28.63 57.9363
8.23  -15.1244 -17.9447   28.6437 57.957
8.24  -15.1792 -18.0029   28.6573 57.9774
8.25  -15.2341 -18.0612   28.6707 57.9976
8.26  -15.2889 -18.1195   28.684 58.0176
8.27  -15.3437 -18.1777   28.6971 58.0375
8.28  -15.3986 -18.236   28.7102 58.0571
8.29  -15.4534 -18.2942   28.7231 58.0765
8.3  -15.5082 -18.3525   28.7358 58.0958
8.31  -15.563 -18.4107   28.7485 58.1148
8.32  -15.6179 -18.469   28.761 58.1337
8.33  -15.6727 -18.5272   28.7734 58.1523
8.34  -15.7275 -18.5855   28.7857 58.1708
8.35  -15.7824 -18.6438   28.7978 58.1891
8.36  -15.8372 -18.702   28.8098 58.2072
8.37  -15.892 -18.7603   28.8217 58.2251
8.38  -15.9468 -18.8185   28.8335 58.2429
8.39  -16.0017 -18.8768   28.8452 58.2604
8.4  -16.0565 -18.935   28.8567 58.2778
8.41  -16.1113 -18.9933   28.8681 58.2951
8.42  -16.1662 -19.0516   28.8795 58.3121
8.43  -16.221 -19.1098   28.8907 58.329
8.44  -16.2758 -19.1681   28.9018 58.3457
8.45  -16.3307 -19.2263   28.9127 58.3622
8.46  -16.3855 -19.2846   28.9236 58.3786
8.47  -16.4403 -19.3428   28.9344 58.3948
8.48  -16.4951 -19.4011   28.945 58.4109
8.49  -16.55 -19.4593   28.9556 58.4268
8.5  -16.6048 -19.5176   28.966 58.4425
8.51  -16.6596 -19.5759   28.9764 58.4581
8.52  -16.7145 -19.6341   28.9866 58.4735
8.53  -16.7693 -19.6924   28.9967 58.4888
8.54  -16.8241 -19.7506   29.0068 58.5039
8.55  -16.8789 -19.8089   29.0167 58.5188
8.56  -16.9338 -19.8671   29.0265 58.5337
8.57  -16.9886 -19.9254   29.0363 58.5483
8.58  -17.0434 -19.9836   29.0459 58.5628
8.59  -17.0983 -20.0419   29.0555 58.5772
8.6  -17.1531 -20.1002   29.0649 58.5914
8.61  -17.2079 -20.1584   29.0743 58.6055
8.62  -17.2627 -20.2167   29.0835 58.6195
8.63  -17.3176 -20.2749   29.0927 58.6333
8.64  -17.3724 -20.3332   29.1017 58.6469
8.65  -17.4272 -20.3914   29.1107 58.6605
8.66  -17.4821 -20.4497   29.1196 58.6739
8.67  -17.5369 -20.508   29.1284 58.6871
8.68  -17.5917 -20.5662   29.1371 58.7003
8.69  -17.6466 -20.6245   29.1458 58.7132
8.7  -17.7014 -20.6827   29.1543 58.7261
8.71  -17.7562 -20.741   29.1628 58.7389
8.72  -17.811 -20.7992   29.1711 58.7515
8.73  -17.8659 -20.8575   29.1794 58.764
8.74  -17.9207 -20.9157   29.1876 58.7763
8.75  -17.9755 -20.974   29.1958 58.7885
8.76  -18.0304 -21.0323   29.2038 58.8007
8.77  -18.0852 -21.0905   29.2118 58.8127
8.78  -18.14 -21.1488   29.2196 58.8245
8.79  -18.1948 -21.207   29.2274 58.8363
8.8  -18.2497 -21.2653   29.2352 58.8479
8.81  -18.3045 -21.3235   29.2428 58.8594
8.82  -18.3593 -21.3818   29.2504 58.8708
8.83  -18.4142 -21.44   29.2579 58.8821
8.84  -18.469 -21.4983   29.2653 58.8933
8.85  -18.5238 -21.5566   29.2727 58.9044
8.86  -18.5786 -21.6148   29.2799 58.9153
8.87  -18.6335 -21.6731   29.2871 58.9262
8.88  -18.6883 -21.7313   29.2943 58.9369
8.89  -18.7431 -21.7896   29.3013 58.9476
8.9  -18.798 -21.8478   29.3083 58.9581
8.91  -18.8528 -21.9061   29.3152 58.9685
8.92  -18.9076 -21.9644   29.3221 58.9788
8.93  -18.9625 -22.0226   29.3289 58.989
8.94  -19.0173 -22.0809   29.3356 58.9991
8.95  -19.0721 -22.1391   29.3422 59.0091
8.96  -19.1269 -22.1974   29.3488 59.0191
8.97  -19.1818 -22.2556   29.3553 59.0289
8.98  -19.2366 -22.3139   29.3617 59.0386
8.99  -19.2914 -22.3721   29.3681 59.0482
9  -19.3463 -22.4304   29.3744 59.0577
9.01  -19.4011 -22.4887   29.3807 59.0671
9.02  -19.4559 -22.5469   29.3869 59.0765
9.03  -19.5107 -22.6052   29.393 59.0857
9.04  -19.5656 -22.6634   29.3991 59.0948
9.05  -19.6204 -22.7217   29.4051 59.1039
9.06  -19.6752 -22.7799   29.4111 59.1129
9.07  -19.7301 -22.8382   29.4169 59.1217
9.08  -19.7849 -22.8964   29.4228 59.1305
9.09  -19.8397 -22.9547   29.4285 59.1392
9.1  -19.8946 -23.013   29.4343 59.1478
9.11  -19.9494 -23.0712   29.4399 59.1563
9.12  -20.0042 -23.1295   29.4455 59.1648
9.13  -20.059 -23.1877   29.4511 59.1731
9.14  -20.1139 -23.246   29.4566 59.1814
9.15  -20.1687 -23.3042   29.462 59.1896
9.16  -20.2235 -23.3625   29.4674 59.1977
9.17  -20.2784 -23.4208   29.4727 59.2057
9.18  -20.3332 -23.479   29.478 59.2136
9.19  -20.388 -23.5373   29.4832 59.2215
9.2  -20.4428 -23.5955   29.4884 59.2293
9.21  -20.4977 -23.6538   29.4935 59.237
9.22  -20.5525 -23.712   29.4985 59.2446
9.23  -20.6073 -23.7703   29.5036 59.2522
9.24  -20.6622 -23.8285   29.5085 59.2597
9.25  -20.717 -23.8868   29.5134 59.2671
9.26  -20.7718 -23.9451   29.5183 59.2744
9.27  -20.8266 -24.0033   29.5231 59.2817
9.28  -20.8815 -24.0616   29.5279 59.2888
9.29  -20.9363 -24.1198   29.5326 59.2959
9.3  -20.9911 -24.1781   29.5373 59.303
9.31  -21.046 -24.2363   29.5419 59.31
9.32  -21.1008 -24.2946   29.5465 59.3169
9.33  -21.1556 -24.3528   29.551 59.3237
9.34  -21.2105 -24.4111   29.5555 59.3305
9.35  -21.2653 -24.4694   29.56 59.3371
9.36  -21.3201 -24.5276   29.5644 59.3438
9.37  -21.3749 -24.5859   29.5687 59.3503
9.38  -21.4298 -24.6441   29.573 59.3568
9.39  -21.4846 -24.7024   29.5773 59.3633
9.4  -21.5394 -24.7606   29.5815 59.3696
9.41  -21.5943 -24.8189   29.5857 59.3759
9.42  -21.6491 -24.8772   29.5898 59.3822
9.43  -21.7039 -24.9354   29.594 59.3884
9.44  -21.7587 -24.9937   29.598 59.3945
9.45  -21.8136 -25.0519   29.602 59.4005
9.46  -21.8684 -25.1102   29.606 59.4065
9.47  -21.9232 -25.1684   29.61 59.4125
9.48  -21.9781 -25.2267   29.6139 59.4183
9.49  -22.0329 -25.2849   29.6177 59.4241
9.5  -22.0877 -25.3432   29.6215 59.4299
9.51  -22.1425 -25.4015   29.6253 59.4356
9.52  -22.1974 -25.4597   29.6291 59.4413
9.53  -22.2522 -25.518   29.6328 59.4468
9.54  -22.307 -25.5762   29.6364 59.4524
9.55  -22.3619 -25.6345   29.6401 59.4578
9.56  -22.4167 -25.6927   29.6437 59.4633
9.57  -22.4715 -25.751   29.6472 59.4686
9.58  -22.5264 -25.8092   29.6508 59.474
9.59  -22.5812 -25.8675   29.6543 59.4792
9.6  -22.636 -25.9258   29.6577 59.4844
9.61  -22.6908 -25.984   29.6611 59.4896
9.62  -22.7457 -26.0423   29.6645 59.4947
9.63  -22.8005 -26.1005   29.6679 59.4997
9.64  -22.8553 -26.1588   29.6712 59.5047
9.65  -22.9102 -26.217   29.6745 59.5097
9.66  -22.965 -26.2753   29.6778 59.5146
9.67  -23.0198 -26.3336   29.681 59.5194
9.68  -23.0746 -26.3918   29.6842 59.5242
9.69  -23.1295 -26.4501   29.6873 59.529
9.7  -23.1843 -26.5083   29.6905 59.5337
9.71  -23.2391 -26.5666   29.6935 59.5384
9.72  -23.294 -26.6248   29.6966 59.543
9.73  -23.3488 -26.6831   29.6996 59.5476
9.74  -23.4036 -26.7413   29.7026 59.5521
9.75  -23.4584 -26.7996   29.7056 59.5566
9.76  -23.5133 -26.8579   29.7086 59.561
9.77  -23.5681 -26.9161   29.7115 59.5654
9.78  -23.6229 -26.9744   29.7144 59.5697
9.79  -23.6778 -27.0326   29.7172 59.574
9.8  -23.7326 -27.0909   29.72 59.5783
9.81  -23.7874 -27.1491   29.7228 59.5825
9.82  -23.8423 -27.2074   29.7256 59.5867
9.83  -23.8971 -27.2656   29.7284 59.5908
9.84  -23.9519 -27.3239   29.7311 59.5949
9.85  -24.0067 -27.3822   29.7338 59.599
9.86  -24.0616 -27.4404   29.7364 59.603
9.87  -24.1164 -27.4987   29.7391 59.607
9.88  -24.1712 -27.5569   29.7417 59.6109
9.89  -24.2261 -27.6152   29.7443 59.6148
9.9  -24.2809 -27.6734   29.7468 59.6186
9.91  -24.3357 -27.7317   29.7493 59.6224
9.92  -24.3905 -27.79   29.7519 59.6262
9.93  -24.4454 -27.8482   29.7543 59.63
9.94  -24.5002 -27.9065   29.7568 59.6337
9.95  -24.555 -27.9647   29.7592 59.6373
9.96  -24.6099 -28.023   29.7616 59.6409
9.97  -24.6647 -28.0812   29.764 59.6445
9.98  -24.7195 -28.1395   29.7664 59.6481
9.99  -24.7743 -28.1977   29.7687 59.6516
10  -24.8292 -28.256   29.771 59.6551
10.01  -24.884 -28.3143   29.7733 59.6585
10.02  -24.9388 -28.3725   29.7756 59.662
10.03  -24.9937 -28.4308   29.7778 59.6653
10.04  -25.0485 -28.489   29.78 59.6687
10.05  -25.1033 -28.5473   29.7822 59.672
10.06  -25.1582 -28.6055   29.7844 59.6753
10.07  -25.213 -28.6638   29.7866 59.6785
10.08  -25.2678 -28.722   29.7887 59.6817
10.09  -25.3226 -28.7803   29.7908 59.6849
10.1  -25.3775 -28.8386   29.7929 59.6881
10.11  -25.4323 -28.8968   29.795 59.6912
10.12  -25.4871 -28.9551   29.797 59.6943
10.13  -25.542 -29.0133   29.7991 59.6973
10.14  -25.5968 -29.0716   29.8011 59.7004
10.15  -25.6516 -29.1298   29.8031 59.7034
10.16  -25.7064 -29.1881   29.805 59.7063
10.17  -25.7613 -29.2464   29.807 59.7093
10.18  -25.8161 -29.3046   29.8089 59.7122
10.19  -25.8709 -29.3629   29.8108 59.715
10.2  -25.9258 -29.4211   29.8127 59.7179
10.21  -25.9806 -29.4794   29.8146 59.7207
10.22  -26.0354 -29.5376   29.8164 59.7235
10.23  -26.0902 -29.5959   29.8183 59.7263
10.24  -26.1451 -29.6541   29.8201 59.729
10.25  -26.1999 -29.7124   29.8219 59.7317
10.26  -26.2547 -29.7707   29.8237 59.7344
10.27  -26.3096 -29.8289   29.8254 59.7371
10.28  -26.3644 -29.8872   29.8272 59.7397
10.29  -26.4192 -29.9454   29.8289 59.7423
10.3  -26.4741 -30.0037   29.8306 59.7449
10.31  -26.5289 -30.0619   29.8323 59.7474
10.32  -26.5837 -30.1202   29.834 59.7499
10.33  -26.6385 -30.1784   29.8357 59.7524
10.34  -26.6934 -30.2367   29.8373 59.7549
10.35  -26.7482 -30.295   29.8389 59.7574
10.36  -26.803 -30.3532   29.8405 59.7598
10.37  -26.8579 -30.4115   29.8421 59.7622
10.38  -26.9127 -30.4697   29.8437 59.7646
10.39  -26.9675 -30.528   29.8453 59.7669
10.4  -27.0223 -30.5862   29.8468 59.7693
10.41  -27.0772 -30.6445   29.8484 59.7716
10.42  -27.132 -30.7028   29.8499 59.7739
10.43  -27.1868 -30.761   29.8514 59.7761
10.44  -27.2417 -30.8193   29.8529 59.7784
10.45  -27.2965 -30.8775   29.8543 59.7806
10.46  -27.3513 -30.9358   29.8558 59.7828
10.47  -27.4061 -30.994   29.8572 59.7849
10.48  -27.461 -31.0523   29.8587 59.7871
10.49  -27.5158 -31.1105   29.8601 59.7892
10.5  -27.5706 -31.1688   29.8615 59.7913
10.51  -27.6255 -31.2271   29.8629 59.7934
10.52  -27.6803 -31.2853   29.8642 59.7955
10.53  -27.7351 -31.3436   29.8656 59.7975
10.54  -27.79 -31.4018   29.8669 59.7996
10.55  -27.8448 -31.4601   29.8683 59.8016
10.56  -27.8996 -31.5183   29.8696 59.8035
10.57  -27.9544 -31.5766   29.8709 59.8055
10.58  -28.0093 -31.6348   29.8722 59.8074
10.59  -28.0641 -31.6931   29.8735 59.8094
10.6  -28.1189 -31.7514   29.8747 59.8113
10.61  -28.1738 -31.8096   29.876 59.8132
10.62  -28.2286 -31.8679   29.8772 59.815
10.63  -28.2834 -31.9261   29.8784 59.8169
10.64  -28.3382 -31.9844   29.8797 59.8187
10.65  -28.3931 -32.0426   29.8809 59.8205
10.66  -28.4479 -32.1009   29.882 59.8223
10.67  -28.5027 -32.1592   29.8832 59.8241
10.68  -28.5576 -32.2174   29.8844 59.8259
10.69  -28.6124 -32.2757   29.8856 59.8276
10.7  -28.6672 -32.3339   29.8867 59.8293
10.71  -28.722 -32.3922   29.8878 59.831
10.72  -28.7769 -32.4504   29.8889 59.8327
10.73  -28.8317 -32.5087   29.8901 59.8344
10.74  -28.8865 -32.5669   29.8912 59.8361
10.75  -28.9414 -32.6252   29.8922 59.8377
10.76  -28.9962 -32.6835   29.8933 59.8393
10.77  -29.051 -32.7417   29.8944 59.8409
10.78  -29.1059 -32.8   29.8954 59.8425
10.79  -29.1607 -32.8582   29.8965 59.8441
10.8  -29.2155 -32.9165   29.8975 59.8456
10.81  -29.2703 -32.9747   29.8986 59.8472
10.82  -29.3252 -33.033   29.8996 59.8487
10.83  -29.38 -33.0912   29.9006 59.8502
10.84  -29.4348 -33.1495   29.9016 59.8517
10.85  -29.4897 -33.2078   29.9026 59.8532
10.86  -29.5445 -33.266   29.9035 59.8547
10.87  -29.5993 -33.3243   29.9045 59.8561
10.88  -29.6541 -33.3825   29.9054 59.8576
10.89  -29.709 -33.4408   29.9064 59.859
10.9  -29.7638 -33.499   29.9073 59.8604
10.91  -29.8186 -33.5573   29.9083 59.8618
10.92  -29.8735 -33.6156   29.9092 59.8632
10.93  -29.9283 -33.6738   29.9101 59.8646
10.94  -29.9831 -33.7321   29.911 59.8659
10.95  -30.0379 -33.7903   29.9119 59.8672
10.96  -30.0928 -33.8486   29.9128 59.8686
10.97  -30.1476 -33.9068   29.9136 59.8699
10.98  -30.2024 -33.9651   29.9145 59.8712
10.99  -30.2573 -34.0233   29.9153 59.8725
11  -30.3121 -34.0816   29.9162 59.8738
11.01  -30.3669 -34.1399   29.917 59.875
11.02  -30.4218 -34.1981   29.9179 59.8763
11.03  -30.4766 -34.2564   29.9187 59.8775
11.04  -30.5314 -34.3146   29.9195 59.8787
11.05  -30.5862 -34.3729   29.9203 59.8799
11.06  -30.6411 -34.4311   29.9211 59.8811
11.07  -30.6959 -34.4894   29.9219 59.8823
11.08  -30.7507 -34.5476   29.9227 59.8835
11.09  -30.8056 -34.6059   29.9234 59.8847
11.1  -30.8604 -34.6642   29.9242 59.8858
11.11  -30.9152 -34.7224   29.925 59.887
11.12  -30.97 -34.7807   29.9257 59.8881
11.13  -31.0249 -34.8389   29.9265 59.8892
11.14  -31.0797 -34.8972   29.9272 59.8903
11.15  -31.1345 -34.9554   29.9279 59.8914
11.16  -31.1894 -35.0137   29.9286 59.8925
11.17  -31.2442 -35.072   29.9294 59.8936
11.18  -31.299 -35.1302   29.9301 59.8946
11.19  -31.3538 -35.1885   29.9308 59.8957
11.2  -31.4087 -35.2467   29.9314 59.8967
11.21  -31.4635 -35.305   29.9321 59.8978
11.22  -31.5183 -35.3632   29.9328 59.8988
11.23  -31.5732 -35.4215   29.9335 59.8998
11.24  -31.628 -35.4797   29.9342 59.9008
11.25  -31.6828 -35.538   29.9348 59.9018
11.26  -31.7377 -35.5963   29.9355 59.9028
11.27  -31.7925 -35.6545   29.9361 59.9038
11.28  -31.8473 -35.7128   29.9367 59.9047
11.29  -31.9021 -35.771   29.9374 59.9057
11.3  -31.957 -35.8293   29.938 59.9066
11.31  -32.0118 -35.8875   29.9386 59.9075
11.32  -32.0666 -35.9458   29.9392 59.9085
11.33  -32.1215 -36.004   29.9398 59.9094
11.34  -32.1763 -36.0623   29.9404 59.9103
11.35  -32.2311 -36.1206   29.941 59.9112
11.36  -32.2859 -36.1788   29.9416 59.9121
11.37  -32.3408 -36.2371   29.9422 59.913
11.38  -32.3956 -36.2953   29.9428 59.9138
11.39  -32.4504 -36.3536   29.9434 59.9147
11.4  -32.5053 -36.4118   29.9439 59.9155
11.41  -32.5601 -36.4701   29.9445 59.9164
11.42  -32.6149 -36.5284   29.945 59.9172
11.43  -32.6697 -36.5866   29.9456 59.9181
11.44  -32.7246 -36.6449   29.9461 59.9189
11.45  -32.7794 -36.7031   29.9467 59.9197
11.46  -32.8342 -36.7614   29.9472 59.9205
11.47  -32.8891 -36.8196   29.9477 59.9213
11.48  -32.9439 -36.8779   29.9483 59.9221
11.49  -32.9987 -36.9361   29.9488 59.9228
11.5  -33.0536 -36.9944   29.9493 59.9236
11.51  -33.1084 -37.0527   29.9498 59.9244
11.52  -33.1632 -37.1109   29.9503 59.9251
11.53  -33.218 -37.1692   29.9508 59.9259
11.54  -33.2729 -37.2274   29.9513 59.9266
11.55  -33.3277 -37.2857   29.9518 59.9274
11.56  -33.3825 -37.3439   29.9523 59.9281
11.57  -33.4374 -37.4022   29.9527 59.9288
11.58  -33.4922 -37.4604   29.9532 59.9295
11.59  -33.547 -37.5187   29.9537 59.9302
11.6  -33.6018 -37.577   29.9541 59.9309
11.61  -33.6567 -37.6352   29.9546 59.9316
11.62  -33.7115 -37.6935   29.9551 59.9323
11.63  -33.7663 -37.7517   29.9555 59.933
11.64  -33.8212 -37.81   29.9559 59.9336
11.65  -33.876 -37.8682   29.9564 59.9343
11.66  -33.9308 -37.9265   29.9568 59.935
11.67  -33.9856 -37.9848   29.9573 59.9356
11.68  -34.0405 -38.043   29.9577 59.9363
11.69  -34.0953 -38.1013   29.9581 59.9369
11.7  -34.1501 -38.1595   29.9585 59.9375
11.71  -34.205 -38.2178   29.9589 59.9382
11.72  -34.2598 -38.276   29.9594 59.9388
11.73  -34.3146 -38.3343   29.9598 59.9394
11.74  -34.3695 -38.3925   29.9602 59.94
11.75  -34.4243 -38.4508   29.9606 59.9406
11.76  -34.4791 -38.5091   29.961 59.9412
11.77  -34.5339 -38.5673   29.9613 59.9418
11.78  -34.5888 -38.6256   29.9617 59.9424
11.79  -34.6436 -38.6838   29.9621 59.9429
11.8  -34.6984 -38.7421   29.9625 59.9435
11.81  -34.7533 -38.8003   29.9629 59.9441
11.82  -34.8081 -38.8586   29.9632 59.9446
11.83  -34.8629 -38.9168   29.9636 59.9452
11.84  -34.9177 -38.9751   29.964 59.9457
11.85  -34.9726 -39.0334   29.9643 59.9463
11.86  -35.0274 -39.0916   29.9647 59.9468
11.87  -35.0822 -39.1499   29.965 59.9473
11.88  -35.1371 -39.2081   29.9654 59.9479
11.89  -35.1919 -39.2664   29.9657 59.9484
11.9  -35.2467 -39.3246   29.9661 59.9489
11.91  -35.3015 -39.3829   29.9664 59.9494
11.92  -35.3564 -39.4412   29.9668 59.9499
11.93  -35.4112 -39.4994   29.9671 59.9504
11.94  -35.466 -39.5577   29.9674 59.9509
11.95  -35.5209 -39.6159   29.9677 59.9514
11.96  -35.5757 -39.6742   29.9681 59.9519
11.97  -35.6305 -39.7324   29.9684 59.9524
11.98  -35.6854 -39.7907   29.9687 59.9529
11.99  -35.7402 -39.8489   29.969 59.9533
12  -35.795 -39.9072   29.9693 59.9538
12.01  -35.8498 -39.9655   29.9696 59.9543
12.02  -35.9047 -40.0237   29.9699 59.9547
12.03  -35.9595 -40.082   29.9702 59.9552
12.04  -36.0143 -40.1402   29.9705 59.9556
12.05  -36.0692 -40.1985   29.9708 59.9561
12.06  -36.124 -40.2567   29.9711 59.9565
12.07  -36.1788 -40.315   29.9714 59.9569
12.08  -36.2336 -40.3732   29.9717 59.9574
12.09  -36.2885 -40.4315   29.972 59.9578
12.1  -36.3433 -40.4898   29.9723 59.9582
12.11  -36.3981 -40.548   29.9725 59.9586
12.12  -36.453 -40.6063   29.9728 59.959
12.13  -36.5078 -40.6645   29.9731 59.9594
12.14  -36.5626 -40.7228   29.9733 59.9599
12.15  -36.6174 -40.781   29.9736 59.9603
12.16  -36.6723 -40.8393   29.9739 59.9607
12.17  -36.7271 -40.8976   29.9741 59.961
12.18  -36.7819 -40.9558   29.9744 59.9614
12.19  -36.8368 -41.0141   29.9747 59.9618
12.2  -36.8916 -41.0723   29.9749 59.9622
12.21  -36.9464 -41.1306   29.9752 59.9626
12.22  -37.0013 -41.1888   29.9754 59.963
12.23  -37.0561 -41.2471   29.9757 59.9633
12.24  -37.1109 -41.3053   29.9759 59.9637
12.25  -37.1657 -41.3636   29.9761 59.9641
12.26  -37.2206 -41.4219   29.9764 59.9644
12.27  -37.2754 -41.4801   29.9766 59.9648
12.28  -37.3302 -41.5384   29.9768 59.9651
12.29  -37.3851 -41.5966   29.9771 59.9655
12.3  -37.4399 -41.6549   29.9773 59.9658
12.31  -37.4947 -41.7131   29.9775 59.9662
12.32  -37.5495 -41.7714   29.9778 59.9665
12.33  -37.6044 -41.8296   29.978 59.9668
12.34  -37.6592 -41.8879   29.9782 59.9672
12.35  -37.714 -41.9462   29.9784 59.9675
12.36  -37.7689 -42.0044   29.9786 59.9678
12.37  -37.8237 -42.0627   29.9788 59.9681
12.38  -37.8785 -42.1209   29.9791 59.9685
12.39  -37.9333 -42.1792   29.9793 59.9688
12.4  -37.9882 -42.2374   29.9795 59.9691
12.41  -38.043 -42.2957   29.9797 59.9694
12.42  -38.0978 -42.354   29.9799 59.9697
12.43  -38.1527 -42.4122   29.9801 59.97
12.44  -38.2075 -42.4705   29.9803 59.9703
12.45  -38.2623 -42.5287   29.9805 59.9706
12.46  -38.3172 -42.587   29.9807 59.9709
12.47  -38.372 -42.6452   29.9809 59.9712
12.48  -38.4268 -42.7035   29.9811 59.9715
12.49  -38.4816 -42.7617   29.9813 59.9718
12.5  -38.5365 -42.82   29.9814 59.972
12.51  -38.5913 -42.8783   29.9816 59.9723
12.52  -38.6461 -42.9365   29.9818 59.9726
12.53  -38.701 -42.9948   29.982 59.9729
12.54  -38.7558 -43.053   29.9822 59.9731
12.55  -38.8106 -43.1113   29.9823 59.9734
12.56  -38.8654 -43.1695   29.9825 59.9737
12.57  -38.9203 -43.2278   29.9827 59.9739
12.58  -38.9751 -43.286   29.9829 59.9742
12.59  -39.0299 -43.3443   29.983 59.9745
12.6  -39.0848 -43.4026   29.9832 59.9747
12.61  -39.1396 -43.4608   29.9834 59.975
12.62  -39.1944 -43.5191   29.9835 59.9752
12.63  -39.2492 -43.5773   29.9837 59.9755
12.64  -39.3041 -43.6356   29.9839 59.9757
12.65  -39.3589 -43.6938   29.984 59.976
12.66  -39.4137 -43.7521   29.9842 59.9762
12.67  -39.4686 -43.8104   29.9844 59.9764
12.68  -39.5234 -43.8686   29.9845 59.9767
12.69  -39.5782 -43.9269   29.9847 59.9769
12.7  -39.6331 -43.9851   29.9848 59.9771
12.71  -39.6879 -44.0434   29.985 59.9774
12.72  -39.7427 -44.1016   29.9851 59.9776
12.73  -39.7975 -44.1599   29.9853 59.9778
12.74  -39.8524 -44.2181   29.9854 59.978
12.75  -39.9072 -44.2764   29.9856 59.9783
12.76  -39.962 -44.3347   29.9857 59.9785
12.77  -40.0169 -44.3929   29.9859 59.9787
12.78  -40.0717 -44.4512   29.986 59.9789
12.79  -40.1265 -44.5094   29.9861 59.9791
12.8  -40.1813 -44.5677   29.9863 59.9793
12.81  -40.2362 -44.6259   29.9864 59.9795
12.82  -40.291 -44.6842   29.9865 59.9797
12.83  -40.3458 -44.7424   29.9867 59.9799
12.84  -40.4007 -44.8007   29.9868 59.9801
12.85  -40.4555 -44.859   29.9869 59.9803
12.86  -40.5103 -44.9172   29.9871 59.9805
12.87  -40.5651 -44.9755   29.9872 59.9807
12.88  -40.62 -45.0337   29.9873 59.9809
12.89  -40.6748 -45.092   29.9875 59.9811
12.9  -40.7296 -45.1502   29.9876 59.9813
12.91  -40.7845 -45.2085   29.9877 59.9815
12.92  -40.8393 -45.2668   29.9878 59.9817
12.93  -40.8941 -45.325   29.988 59.9819
12.94  -40.949 -45.3833   29.9881 59.982
12.95  -41.0038 -45.4415   29.9882 59.9822
12.96  -41.0586 -45.4998   29.9883 59.9824
12.97  -41.1134 -45.558   29.9884 59.9826
12.98  -41.1683 -45.6163   29.9885 59.9827
12.99  -41.2231 -45.6745   29.9887 59.9829
13  -41.2779 -45.7328   29.9888 59.9831
13.01  -41.3328 -45.7911   29.9889 59.9833
13.02  -41.3876 -45.8493   29.989 59.9834
13.03  -41.4424 -45.9076   29.9891 59.9836
13.04  -41.4972 -45.9658   29.9892 59.9838
13.05  -41.5521 -46.0241   29.9893 59.9839
13.06  -41.6069 -46.0823   29.9894 59.9841
13.07  -41.6617 -46.1406   29.9895 59.9842
13.08  -41.7166 -46.1988   29.9896 59.9844
13.09  -41.7714 -46.2571   29.9897 59.9845
13.1  -41.8262 -46.3154   29.9898 59.9847
13.11  -41.881 -46.3736   29.9899 59.9849
13.12  -41.9359 -46.4319   29.99 59.985
13.13  -41.9907 -46.4901   29.9901 59.9852
13.14  -42.0455 -46.5484   29.9902 59.9853
13.15  -42.1004 -46.6066   29.9903 59.9855
13.16  -42.1552 -46.6649   29.9904 59.9856
13.17  -42.21 -46.7232   29.9905 59.9857
13.18  -42.2649 -46.7814   29.9906 59.9859
13.19  -42.3197 -46.8397   29.9907 59.986
13.2  -42.3745 -46.8979   29.9908 59.9862
13.21  -42.4293 -46.9562   29.9909 59.9863
13.22  -42.4842 -47.0144   29.991 59.9864
13.23  -42.539 -47.0727   29.9911 59.9866
13.24  -42.5938 -47.1309   29.9912 59.9867
13.25  -42.6487 -47.1892   29.9913 59.9868
13.26  -42.7035 -47.2475   29.9914 59.987
13.27  -42.7583 -47.3057   29.9914 59.9871
13.28  -42.8131 -47.364   29.9915 59.9872
13.29  -42.868 -47.4222   29.9916 59.9874
13.3  -42.9228 -47.4805   29.9917 59.9875
13.31  -42.9776 -47.5387   29.9918 59.9876
13.32  -43.0325 -47.597   29.9919 59.9877
13.33  -43.0873 -47.6552   29.9919 59.9879
13.34  -43.1421 -47.7135   29.992 59.988
13.35  -43.1969 -47.7718   29.9921 59.9881
13.36  -43.2518 -47.83   29.9922 59.9882
13.37  -43.3066 -47.8883   29.9923 59.9883
13.38  -43.3614 -47.9465   29.9923 59.9885
13.39  -43.4163 -48.0048   29.9924 59.9886
13.4  -43.4711 -48.063   29.9925 59.9887
13.41  -43.5259 -48.1213   29.9926 59.9888
13.42  -43.5808 -48.1796   29.9926 59.9889
13.43  -43.6356 -48.2378   29.9927 59.989
13.44  -43.6904 -48.2961   29.9928 59.9891
13.45  -43.7452 -48.3543   29.9929 59.9892
13.46  -43.8001 -48.4126   29.9929 59.9893
13.47  -43.8549 -48.4708   29.993 59.9895
13.48  -43.9097 -48.5291   29.9931 59.9896
13.49  -43.9646 -48.5873   29.9931 59.9897
13.5  -44.0194 -48.6456   29.9932 59.9898
13.51  -44.0742 -48.7039   29.9933 59.9899
13.52  -44.129 -48.7621   29.9933 59.99
13.53  -44.1839 -48.8204   29.9934 59.9901
13.54  -44.2387 -48.8786   29.9935 59.9902
13.55  -44.2935 -48.9369   29.9935 59.9903
13.56  -44.3484 -48.9951   29.9936 59.9904
13.57  -44.4032 -49.0534   29.9937 59.9905
13.58  -44.458 -49.1116   29.9937 59.9906
13.59  -44.5129 -49.1699   29.9938 59.9907
13.6  -44.5677 -49.2282   29.9939 59.9907
13.61  -44.622 -49.2859   29.9939 59.9908
13.62  -44.6758 -49.343   29.994 59.9909
13.63  -44.729 -49.3996   29.994 59.991
13.64  -44.7817 -49.4556   29.9941 59.9911
13.65  -44.8339 -49.511   29.9942 59.9912
13.66  -44.8856 -49.5659   29.9942 59.9913
13.67  -44.9367 -49.6203   29.9943 59.9914
13.68  -44.9874 -49.6741   29.9943 59.9915
13.69  -45.0375 -49.7273   29.9944 59.9915
13.7  -45.0871 -49.7801   29.9944 59.9916
13.71  -45.1362 -49.8323   29.9945 59.9917
13.72  -45.1849 -49.8839   29.9946 59.9918
13.73  -45.233 -49.9351   29.9946 59.9919
13.74  -45.2807 -49.9857   29.9947 59.992
13.75  -45.3279 -50.0359   29.9947 59.992
13.76  -45.3746 -50.0855   29.9948 59.9921
13.77  -45.4209 -50.1347   29.9948 59.9922
13.78  -45.4667 -50.1833   29.9949 59.9923
13.79  -45.512 -50.2315   29.9949 59.9924
13.8  -45.5569 -50.2792   29.995 59.9924
13.81  -45.6013 -50.3264   29.995 59.9925
13.82  -45.6453 -50.3731   29.9951 59.9926
13.83  -45.6888 -50.4194   29.9951 59.9927
13.84  -45.7319 -50.4652   29.9952 59.9927
13.85  -45.7746 -50.5105   29.9952 59.9928
13.86  -45.8169 -50.5554   29.9953 59.9929
13.87  -45.8587 -50.5999   29.9953 59.9929
13.88  -45.9001 -50.6439   29.9954 59.993
13.89  -45.9411 -50.6874   29.9954 59.9931
13.9  -45.9817 -50.7306   29.9955 59.9932
13.91  -46.0219 -50.7733   29.9955 59.9932
13.92  -46.0617 -50.8155   29.9955 59.9933
13.93  -46.1011 -50.8574   29.9956 59.9934
13.94  -46.14 -50.8988   29.9956 59.9934
13.95  -46.1786 -50.9398   29.9957 59.9935
13.96  -46.2169 -50.9804   29.9957 59.9936
13.97  -46.2547 -51.0206   29.9958 59.9936
13.98  -46.2921 -51.0604   29.9958 59.9937
13.99  -46.3292 -51.0998   29.9958 59.9937
14  -46.3659 -51.1388   29.9959 59.9938
14.01  -46.4023 -51.1774   29.9959 59.9939
14.02  -46.4382 -51.2156   29.996 59.9939
14.03  -46.4739 -51.2535   29.996 59.994
14.04  -46.5091 -51.2909   29.9961 59.9941
14.05  -46.544 -51.328   29.9961 59.9941
14.06  -46.5786 -51.3648   29.9961 59.9942
14.07  -46.6128 -51.4011   29.9962 59.9942
14.08  -46.6467 -51.4371   29.9962 59.9943
14.09  -46.6802 -51.4727   29.9962 59.9943
14.1  -46.7134 -51.508   29.9963 59.9944
14.11  -46.7463 -51.5429   29.9963 59.9945
14.12  -46.7788 -51.5775   29.9964 59.9945
14.13  -46.811 -51.6117   29.9964 59.9946
14.14  -46.8429 -51.6456   29.9964 59.9946
14.15  -46.8745 -51.6791   29.9965 59.9947
14.16  -46.9057 -51.7124   29.9965 59.9947
14.17  -46.9367 -51.7452   29.9965 59.9948
14.18  -46.9673 -51.7778   29.9966 59.9948
14.19  -46.9976 -51.81   29.9966 59.9949
14.2  -47.0277 -51.8419   29.9966 59.9949
14.21  -47.0574 -51.8735   29.9967 59.995
14.22  -47.0868 -51.9047   29.9967 59.995
14.23  -47.116 -51.9357   29.9967 59.9951
14.24  -47.1448 -51.9663   29.9968 59.9951
14.25  -47.1733 -51.9967   29.9968 59.9952
14.26  -47.2016 -52.0267   29.9968 59.9952
14.27  -47.2296 -52.0564   29.9969 59.9953
14.28  -47.2573 -52.0859   29.9969 59.9953
14.29  -47.2847 -52.115   29.9969 59.9954
14.3  -47.3119 -52.1439   29.997 59.9954
14.31  -47.3388 -52.1724   29.997 59.9955
14.32  -47.3654 -52.2007   29.997 59.9955
14.33  -47.3917 -52.2287   29.997 59.9956
14.34  -47.4178 -52.2564   29.9971 59.9956
14.35  -47.4436 -52.2838   29.9971 59.9956
14.36  -47.4692 -52.311   29.9971 59.9957
14.37  -47.4945 -52.3379   29.9972 59.9957
14.38  -47.5195 -52.3645   29.9972 59.9958
14.39  -47.5444 -52.3909   29.9972 59.9958
14.4  -47.5689 -52.417   29.9973 59.9959
14.41  -47.5932 -52.4428   29.9973 59.9959
14.42  -47.6173 -52.4684   29.9973 59.9959
14.43  -47.6411 -52.4937   29.9973 59.996
14.44  -47.6647 -52.5187   29.9974 59.996
14.45  -47.6881 -52.5436   29.9974 59.9961
14.46  -47.7112 -52.5681   29.9974 59.9961
14.47  -47.7341 -52.5924   29.9974 59.9961
14.48  -47.7567 -52.6165   29.9975 59.9962
14.49  -47.7792 -52.6404   29.9975 59.9962
14.5  -47.8014 -52.664   29.9975 59.9963
14.51  -47.8234 -52.6873   29.9975 59.9963
14.52  -47.8451 -52.7104   29.9976 59.9963
14.53  -47.8667 -52.7333   29.9976 59.9964
14.54  -47.888 -52.756   29.9976 59.9964
14.55  -47.9091 -52.7784   29.9976 59.9964
14.56  -47.93 -52.8007   29.9977 59.9965
14.57  -47.9507 -52.8227   29.9977 59.9965
14.58  -47.9712 -52.8444   29.9977 59.9965
14.59  -47.9915 -52.866   29.9977 59.9966
14.6  -48.0116 -52.8873   29.9978 59.9966
14.61  -48.0315 -52.9084   29.9978 59.9966
14.62  -48.0512 -52.9294   29.9978 59.9967
14.63  -48.0707 -52.9501   29.9978 59.9967
14.64  -48.0899 -52.9706   29.9978 59.9967
14.65  -48.109 -52.9909   29.9979 59.9968
14.66  -48.128 -53.011   29.9979 59.9968
14.67  -48.1467 -53.0308   29.9979 59.9968
14.68  -48.1652 -53.0505   29.9979 59.9969
14.69  -48.1836 -53.07   29.9979 59.9969
14.7  -48.2017 -53.0893   29.998 59.9969
14.71  -48.2197 -53.1084   29.998 59.997
14.72  -48.2375 -53.1274   29.998 59.997
14.73  -48.2551 -53.1461   29.998 59.997
14.74  -48.2726 -53.1646   29.998 59.9971
14.75  -48.2899 -53.183   29.9981 59.9971
14.76  -48.307 -53.2011   29.9981 59.9971
14.77  -48.3239 -53.2191   29.9981 59.9971
14.78  -48.3406 -53.2369   29.9981 59.9972
14.79  -48.3572 -53.2546   29.9981 59.9972
14.8  -48.3737 -53.272   29.9982 59.9972
14.81  -48.3899 -53.2893   29.9982 59.9973
14.82  -48.406 -53.3064   29.9982 59.9973
14.83  -48.422 -53.3233   29.9982 59.9973
14.84  -48.4378 -53.3401   29.9982 59.9973
14.85  -48.4534 -53.3567   29.9983 59.9974
14.86  -48.4688 -53.3731   29.9983 59.9974
14.87  -48.4842 -53.3894   29.9983 59.9974
14.88  -48.4993 -53.4055   29.9983 59.9974
14.89  -48.5143 -53.4215   29.9983 59.9975
14.9  -48.5292 -53.4372   29.9983 59.9975
14.91  -48.5439 -53.4529   29.9984 59.9975
14.92  -48.5584 -53.4683   29.9984 59.9975
14.93  -48.5729 -53.4837   29.9984 59.9976
14.94  -48.5871 -53.4988   29.9984 59.9976
14.95  -48.6013 -53.5138   29.9984 59.9976
14.96  -48.6152 -53.5287   29.9984 59.9976
14.97  -48.6291 -53.5434   29.9984 59.9977
14.98  -48.6428 -53.558   29.9985 59.9977
14.99  -48.6564 -53.5724   29.9985 59.9977
15  -48.6698 -53.5867   29.9985 59.9977
15.01  -48.6831 -53.6008   29.9985 59.9978
15.02  -48.6963 -53.6148   29.9985 59.9978
15.03  -48.7093 -53.6287   29.9985 59.9978
15.04  -48.7222 -53.6424   29.9986 59.9978
15.05  -48.735 -53.6559   29.9986 59.9978
15.06  -48.7477 -53.6694   29.9986 59.9979
15.07  -48.7602 -53.6827   29.9986 59.9979
15.08  -48.7726 -53.6959   29.9986 59.9979
15.09  -48.7849 -53.7089   29.9986 59.9979
15.1  -48.797 -53.7218   29.9986 59.998
15.11  -48.809 -53.7346   29.9987 59.998
15.12  -48.8209 -53.7473   29.9987 59.998
15.13  -48.8327 -53.7598   29.9987 59.998
15.14  -48.8444 -53.7722   29.9987 59.998
15.15  -48.856 -53.7845   29.9987 59.9981
15.16  -48.8674 -53.7966   29.9987 59.9981
15.17  -48.8787 -53.8086   29.9987 59.9981
15.18  -48.8899 -53.8206   29.9987 59.9981
15.19  -48.901 -53.8324   29.9988 59.9981
15.2  -48.912 -53.844   29.9988 59.9981
15.21  -48.9229 -53.8556   29.9988 59.9982
15.22  -48.9337 -53.867   29.9988 59.9982
15.23  -48.9443 -53.8784   29.9988 59.9982
15.24  -48.9549 -53.8896   29.9988 59.9982
15.25  -48.9654 -53.9007   29.9988 59.9982
15.26  -48.9757 -53.9117   29.9988 59.9983
15.27  -48.9859 -53.9226   29.9989 59.9983
15.28  -48.9961 -53.9333   29.9989 59.9983
15.29  -49.0061 -53.944   29.9989 59.9983
15.3  -49.0161 -53.9546   29.9989 59.9983
15.31  -49.0259 -53.965   29.9989 59.9983
15.32  -49.0356 -53.9754   29.9989 59.9984
15.33  -49.0453 -53.9856   29.9989 59.9984
15.34  -49.0548 -53.9958   29.9989 59.9984
15.35  -49.0643 -54.0058   29.9989 59.9984
15.36  -49.0736 -54.0157   29.999 59.9984
15.37  -49.0829 -54.0256   29.999 59.9984
15.38  -49.0921 -54.0353   29.999 59.9985
15.39  -49.1012 -54.045   29.999 59.9985
15.4  -49.1101 -54.0545   29.999 59.9985
15.41  -49.119 -54.064   29.999 59.9985
15.42  -49.1279 -54.0733   29.999 59.9985
15.43  -49.1366 -54.0826   29.999 59.9985
15.44  -49.1452 -54.0918   29.999 59.9985
15.45  -49.1538 -54.1009   29.999 59.9986
15.46  -49.1622 -54.1099   29.9991 59.9986
15.47  -49.1706 -54.1188   29.9991 59.9986
15.48  -49.1789 -54.1276   29.9991 59.9986
15.49  -49.1871 -54.1363   29.9991 59.9986
15.5  -49.1952 -54.1449   29.9991 59.9986
15.51  -49.2033 -54.1535   29.9991 59.9986
15.52  -49.2112 -54.1619   29.9991 59.9987
15.53  -49.2191 -54.1703   29.9991 59.9987
15.54  -49.2269 -54.1786   29.9991 59.9987
15.55  -49.2347 -54.1868   29.9991 59.9987
15.56  -49.2423 -54.195   29.9991 59.9987
15.57  -49.2499 -54.203   29.9992 59.9987
15.58  -49.2574 -54.211   29.9992 59.9987
15.59  -49.2648 -54.2189   29.9992 59.9987
15.6  -49.2722 -54.2267   29.9992 59.9988
15.61  -49.2795 -54.2344   29.9992 59.9988
15.62  -49.2867 -54.2421   29.9992 59.9988
15.63  -49.2938 -54.2497   29.9992 59.9988
15.64  -49.3009 -54.2572   29.9992 59.9988
15.65  -49.3078 -54.2646   29.9992 59.9988
15.66  -49.3148 -54.2719   29.9992 59.9988
15.67  -49.3216 -54.2792   29.9992 59.9988
15.68  -49.3284 -54.2864   29.9992 59.9989
15.69  -49.3351 -54.2936   29.9992 59.9989
15.7  -49.3418 -54.3006   29.9993 59.9989
15.71  -49.3484 -54.3076   29.9993 59.9989
15.72  -49.3549 -54.3146   29.9993 59.9989
15.73  -49.3613 -54.3214   29.9993 59.9989
15.74  -49.3677 -54.3282   29.9993 59.9989
15.75  -49.374 -54.3349   29.9993 59.9989
15.76  -49.3803 -54.3416   29.9993 59.9989
15.77  -49.3865 -54.3481   29.9993 59.999
15.78  -49.3926 -54.3547   29.9993 59.999
15.79  -49.3987 -54.3611   29.9993 59.999
15.8  -49.4047 -54.3675   29.9993 59.999
15.81  -49.4107 -54.3738   29.9993 59.999
15.82  -49.4166 -54.3801   29.9993 59.999
15.83  -49.4224 -54.3863   29.9993 59.999
15.84  -49.4282 -54.3924   29.9994 59.999
15.85  -49.4339 -54.3985   29.9994 59.999
15.86  -49.4395 -54.4045   29.9994 59.999
15.87  -49.4452 -54.4105   29.9994 59.9991
15.88  -49.4507 -54.4164   29.9994 59.9991
15.89  -49.4562 -54.4222   29.9994 59.9991
15.9  -49.4616 -54.428   29.9994 59.9991
15.91  -49.467 -54.4337   29.9994 59.9991
15.92  -49.4723 -54.4394   29.9994 59.9991
15.93  -49.4776 -54.445   29.9994 59.9991
15.94  -49.4828 -54.4505   29.9994 59.9991
15.95  -49.488 -54.456   29.9994 59.9991
15.96  -49.4931 -54.4615   29.9994 59.9991
15.97  -49.4982 -54.4668   29.9994 59.9991
15.98  -49.5032 -54.4722   29.9994 59.9992
15.99  -49.5082 -54.4775   29.9994 59.9992
16  -49.5131 -54.4827   29.9994 59.9992
16.01  -49.518 -54.4879   29.9995 59.9992
16.02  -49.5228 -54.493   29.9995 59.9992
16.03  -49.5276 -54.498   29.9995 59.9992
16.04  -49.5323 -54.5031   29.9995 59.9992
16.05  -49.537 -54.508   29.9995 59.9992
16.06  -49.5416 -54.513   29.9995 59.9992
16.07  -49.5462 -54.5178   29.9995 59.9992
16.08  -49.5507 -54.5226   29.9995 59.9992
16.09  -49.5552 -54.5274   29.9995 59.9992
16.1  -49.5597 -54.5321   29.9995 59.9992
16.11  -49.5641 -54.5368   29.9995 59.9993
16.12  -49.5684 -54.5415   29.9995 59.9993
16.13  -49.5727 -54.546   29.9995 59.9993
16.14  -49.577 -54.5506   29.9995 59.9993
16.15  -49.5812 -54.5551   29.9995 59.9993
16.16  -49.5854 -54.5595   29.9995 59.9993
16.17  -49.5896 -54.5639   29.9995 59.9993
16.18  -49.5937 -54.5683   29.9995 59.9993
16.19  -49.5977 -54.5726   29.9995 59.9993
16.2  -49.6018 -54.5769   29.9995 59.9993
16.21  -49.6058 -54.5811   29.9996 59.9993
16.22  -49.6097 -54.5853   29.9996 59.9993
16.23  -49.6136 -54.5894   29.9996 59.9993
16.24  -49.6175 -54.5936   29.9996 59.9993
16.25  -49.6213 -54.5976   29.9996 59.9994
16.26  -49.6251 -54.6016   29.9996 59.9994
16.27  -49.6288 -54.6056   29.9996 59.9994
16.28  -49.6325 -54.6096   29.9996 59.9994
16.29  -49.6362 -54.6135   29.9996 59.9994
16.3  -49.6398 -54.6173   29.9996 59.9994
16.31  -49.6434 -54.6212   29.9996 59.9994
16.32  -49.647 -54.625   29.9996 59.9994
16.33  -49.6505 -54.6287   29.9996 59.9994
16.34  -49.654 -54.6324   29.9996 59.9994
16.35  -49.6575 -54.6361   29.9996 59.9994
16.36  -49.6609 -54.6397   29.9996 59.9994
16.37  -49.6643 -54.6433   29.9996 59.9994
16.38  -49.6677 -54.6469   29.9996 59.9994
16.39  -49.671 -54.6504   29.9996 59.9994
16.4  -49.6743 -54.6539   29.9996 59.9994
16.41  -49.6775 -54.6574   29.9996 59.9995
16.42  -49.6808 -54.6608   29.9996 59.9995
16.43  -49.684 -54.6642   29.9996 59.9995
16.44  -49.6871 -54.6676   29.9996 59.9995
16.45  -49.6902 -54.6709   29.9996 59.9995
16.46  -49.6933 -54.6742   29.9997 59.9995
16.47  -49.6964 -54.6774   29.9997 59.9995
16.48  -49.6994 -54.6807   29.9997 59.9995
16.49  -49.7025 -54.6839   29.9997 59.9995
16.5  -49.7054 -54.687   29.9997 59.9995
16.51  -49.7084 -54.6901   29.9997 59.9995
16.52  -49.7113 -54.6932   29.9997 59.9995
16.53  -49.7142 -54.6963   29.9997 59.9995
16.54  -49.717 -54.6993   29.9997 59.9995
16.55  -49.7199 -54.7024   29.9997 59.9995
16.56  -49.7227 -54.7053   29.9997 59.9995
16.57  -49.7254 -54.7083   29.9997 59.9995
16.58  -49.7282 -54.7112   29.9997 59.9995
16.59  -49.7309 -54.7141   29.9997 59.9995
16.6  -49.7336 -54.7169   29.9997 59.9995
16.61  -49.7363 -54.7198   29.9997 59.9996
16.62  -49.7389 -54.7226   29.9997 59.9996
16.63  -49.7415 -54.7254   29.9997 59.9996
16.64  -49.7441 -54.7281   29.9997 59.9996
16.65  -49.7467 -54.7308   29.9997 59.9996
16.66  -49.7492 -54.7335   29.9997 59.9996
16.67  -49.7517 -54.7362   29.9997 59.9996
16.68  -49.7542 -54.7388   29.9997 59.9996
16.69  -49.7566 -54.7414   29.9997 59.9996
16.7  -49.7591 -54.744   29.9997 59.9996
16.71  -49.7615 -54.7466   29.9997 59.9996
16.72  -49.7639 -54.7491   29.9997 59.9996
16.73  -49.7662 -54.7516   29.9997 59.9996
16.74  -49.7686 -54.7541   29.9997 59.9996
16.75  -49.7709 -54.7566   29.9997 59.9996
16.76  -49.7732 -54.759   29.9997 59.9996
16.77  -49.7754 -54.7614   29.9997 59.9996
16.78  -49.7777 -54.7638   29.9997 59.9996
16.79  -49.7799 -54.7661   29.9998 59.9996
16.8  -49.7821 -54.7685   29.9998 59.9996
16.81  -49.7843 -54.7708   29.9998 59.9996
16.82  -49.7864 -54.7731   29.9998 59.9996
16.83  -49.7886 -54.7754   29.9998 59.9996
16.84  -49.7907 -54.7776   29.9998 59.9996
16.85  -49.7928 -54.7798   29.9998 59.9996
16.86  -49.7949 -54.782   29.9998 59.9997
16.87  -49.7969 -54.7842   29.9998 59.9997
16.88  -49.7989 -54.7864   29.9998 59.9997
16.89  -49.8009 -54.7885   29.9998 59.9997
16.9  -49.8029 -54.7906   29.9998 59.9997
16.91  -49.8049 -54.7927   29.9998 59.9997
16.92  -49.8069 -54.7948   29.9998 59.9997
16.93  -49.8088 -54.7968   29.9998 59.9997
16.94  -49.8107 -54.7989   29.9998 59.9997
16.95  -49.8126 -54.8009   29.9998 59.9997
16.96  -49.8145 -54.8029   29.9998 59.9997
16.97  -49.8163 -54.8048   29.9998 59.9997
16.98  -49.8182 -54.8068   29.9998 59.9997
16.99  -49.82 -54.8087   29.9998 59.9997
17  -49.8218 -54.8106   29.9998 59.9997
17.01  -49.8236 -54.8125   29.9998 59.9997
17.02  -49.8253 -54.8144   29.9998 59.9997
17.03  -49.8271 -54.8163   29.9998 59.9997
17.04  -49.8288 -54.8181   29.9998 59.9997
17.05  -49.8305 -54.8199   29.9998 59.9997
17.06  -49.8322 -54.8217   29.9998 59.9997
17.07  -49.8339 -54.8235   29.9998 59.9997
17.08  -49.8356 -54.8253   29.9998 59.9997
17.09  -49.8372 -54.827   29.9998 59.9997
17.1  -49.8388 -54.8287   29.9998 59.9997
17.11  -49.8404 -54.8305   29.9998 59.9997
17.12  -49.842 -54.8322   29.9998 59.9997
17.13  -49.8436 -54.8338   29.9998 59.9997
17.14  -49.8452 -54.8355   29.9998 59.9997
17.15  -49.8467 -54.8371   29.9998 59.9997
17.16  -49.8483 -54.8388   29.9998 59.9997
17.17  -49.8498 -54.8404   29.9998 59.9997
17.18  -49.8513 -54.842   29.9998 59.9997
17.19  -49.8528 -54.8436   29.9998 59.9997
17.2  -49.8542 -54.8451   29.9998 59.9998
17.21  -49.8557 -54.8467   29.9998 59.9998
17.22  -49.8571 -54.8482   29.9998 59.9998
17.23  -49.8586 -54.8497   29.9998 59.9998
17.24  -49.86 -54.8512   29.9998 59.9998
17.25  -49.8614 -54.8527   29.9998 59.9998
17.26  -49.8628 -54.8542   29.9998 59.9998
17.27  -49.8641 -54.8556   29.9998 59.9998
17.28  -49.8655 -54.8571   29.9998 59.9998
17.29  -49.8668 -54.8585   29.9998 59.9998
17.3  -49.8682 -54.8599   29.9999 59.9998
17.31  -49.8695 -54.8613   29.9999 59.9998
17.32  -49.8708 -54.8627   29.9999 59.9998
17.33  -49.8721 -54.8641   29.9999 59.9998
17.34  -49.8734 -54.8655   29.9999 59.9998
17.35  -49.8746 -54.8668   29.9999 59.9998
17.36  -49.8759 -54.8681   29.9999 59.9998
17.37  -49.8771 -54.8694   29.9999 59.9998
17.38  -49.8784 -54.8708   29.9999 59.9998
17.39  -49.8796 -54.872   29.9999 59.9998
17.4  -49.8808 -54.8733   29.9999 59.9998
17.41  -49.882 -54.8746   29.9999 59.9998
17.42  -49.8831 -54.8758   29.9999 59.9998
17.43  -49.8843 -54.8771   29.9999 59.9998
17.44  -49.8855 -54.8783   29.9999 59.9998
17.45  -49.8866 -54.8795   29.9999 59.9998
17.46  -49.8878 -54.8807   29.9999 59.9998
17.47  -49.8889 -54.8819   29.9999 59.9998
17.48  -49.89 -54.8831   29.9999 59.9998
17.49  -49.8911 -54.8843   29.9999 59.9998
17.5  -49.8922 -54.8854   29.9999 59.9998
17.51  -49.8933 -54.8866   29.9999 59.9998
17.52  -49.8943 -54.8877   29.9999 59.9998
17.53  -49.8954 -54.8888   29.9999 59.9998
17.54  -49.8964 -54.89   29.9999 59.9998
17.55  -49.8975 -54.8911   29.9999 59.9998
17.56  -49.8985 -54.8921   29.9999 59.9998
17.57  -49.8995 -54.8932   29.9999 59.9998
17.58  -49.9005 -54.8943   29.9999 59.9998
17.59  -49.9015 -54.8953   29.9999 59.9998
17.6  -49.9025 -54.8964   29.9999 59.9998
17.61  -49.9035 -54.8974   29.9999 59.9998
17.62  -49.9044 -54.8985   29.9999 59.9998
17.63  -49.9054 -54.8995   29.9999 59.9998
17.64  -49.9063 -54.9005   29.9999 59.9998
17.65  -49.9073 -54.9015   29.9999 59.9998
17.66  -49.9082 -54.9025   29.9999 59.9998
17.67  -49.9091 -54.9034   29.9999 59.9998
17.68  -49.91 -54.9044   29.9999 59.9998
17.69  -49.9109 -54.9054   29.9999 59.9998
17.7  -49.9118 -54.9063   29.9999 59.9998
17.71  -49.9127 -54.9072   29.9999 59.9999
17.72  -49.9136 -54.9082   29.9999 59.9999
17.73  -49.9144 -54.9091   29.9999 59.9999
17.74  -49.9153 -54.91   29.9999 59.9999
17.75  -49.9161 -54.9109   29.9999 59.9999
17.76  -49.917 -54.9118   29.9999 59.9999
17.77  -49.9178 -54.9127   29.9999 59.9999
17.78  -49.9186 -54.9135   29.9999 59.9999
17.79  -49.9194 -54.9144   29.9999 59.9999
17.8  -49.9202 -54.9153   29.9999 59.9999
17.81  -49.921 -54.9161   29.9999 59.9999
17.82  -49.9218 -54.9169   29.9999 59.9999
17.83  -49.9226 -54.9178   29.9999 59.9999
17.84  -49.9234 -54.9186   29.9999 59.9999
17.85  -49.9242 -54.9194   29.9999 59.9999
17.86  -49.9249 -54.9202   29.9999 59.9999
17.87  -49.9257 -54.921   29.9999 59.9999
17.88  -49.9264 -54.9218   29.9999 59.9999
17.89  -49.9271 -54.9226   29.9999 59.9999
17.9  -49.9279 -54.9234   29.9999 59.9999
17.91  -49.9286 -54.9241   29.9999 59.9999
17.92  -49.9293 -54.9249   29.9999 59.9999
17.93  -49.93 -54.9256   29.9999 59.9999
17.94  -49.9307 -54.9264   29.9999 59.9999
17.95  -49.9314 -54.9271   29.9999 59.9999
17.96  -49.9321 -54.9278   29.9999 59.9999
