-50 -55 8 8
30 29 5 7
0.01  29.9452 29.9417   -48.9532 -58.9479
0.02  29.8903 29.8835   -48.9065 -58.8958
0.03  29.8355 29.8252   -48.8597 -58.8437
0.04  29.7807 29.767   -48.813 -58.7916
0.05  29.7259 29.7087   -48.7662 -58.7396
0.06  29.671 29.6505   -48.7194 -58.6875
0.07  29.6162 29.5922   -48.6727 -58.6354
0.08  29.5614 29.534   -48.6259 -58.5833
0.09  29.5065 29.4757   -48.5791 -58.5312
0.1  29.4517 29.4174   -48.5324 -58.4791
0.11  29.3969 29.3592   -48.4856 -58.427
0.12  29.342 29.3009   -48.4389 -58.3749
0.13  29.2872 29.2427   -48.3921 -58.3228
0.14  29.2324 29.1844   -48.3453 -58.2707
0.15  29.1776 29.1262   -48.2986 -58.2187
0.16  29.1227 29.0679   -48.2518 -58.1666
0.17  29.0679 29.0096   -48.205 -58.1145
0.18  29.0131 28.9514   -48.1583 -58.0624
0.19  28.9582 28.8931   -48.1115 -58.0103
0.2  28.9034 28.8349   -48.0648 -57.9582
0.21  28.8486 28.7766   -48.018 -57.9061
0.22  28.7938 28.7184   -47.9712 -57.854
0.23  28.7389 28.6601   -47.9245 -57.8019
0.24  28.6841 28.6019   -47.8777 -57.7499
0.25  28.6293 28.5436   -47.8309 -57.6978
0.26  28.5744 28.4853   -47.7842 -57.6457
0.27  28.5196 28.4271   -47.7374 -57.5936
0.28  28.4648 28.3688   -47.6907 -57.5415
0.29  28.41 28.3106   -47.6439 -57.4894
0.3  28.3551 28.2523   -47.5971 -57.4373
0.31  28.3003 28.1941   -47.5504 -57.3852
0.32  28.2455 28.1358   -47.5036 -57.3331
0.33  28.1906 28.0776   -47.4569 -57.281
0.34  28.1358 28.0193   -47.4101 -57.229
0.35  28.081 27.961   -47.3633 -57.1769
0.36  28.0261 27.9028   -47.3166 -57.1248
0.37  27.9713 27.8445   -47.2698 -57.0727
0.38  27.9165 27.7863   -47.223 -57.0206
0.39  27.8617 27.728   -47.1763 -56.9685
0.4  27.8068 27.6698   -47.1295 -56.9164
0.41  27.752 27.6115   -47.0828 -56.8643
0.42  27.6972 27.5532   -47.036 -56.8122
0.43  27.6423 27.495   -46.9892 -56.7602
0.44  27.5875 27.4367   -46.9425 -56.7081
0.45  27.5327 27.3785   -46.8957 -56.656
0.46  27.4779 27.3202   -46.8489 -56.6039
0.47  27.423 27.262   -46.8022 -56.5518
0.48  27.3682 27.2037   -46.7554 -56.4997
0.49  27.3134 27.1455   -46.7087 -56.4476
0.5  27.2585 27.0872   -46.6619 -56.3955
0.51  27.2037 27.0289   -46.6151 -56.3434
0.52  27.1489 26.9707   -46.5684 -56.2914
0.53  27.0941 26.9124   -46.5216 -56.2393
0.54  27.0392 26.8542   -46.4748 -56.1872
0.55  26.9844 26.7959   -46.4281 -56.1351
0.56  26.9296 26.7377   -46.3813 -56.083
0.57  26.8747 26.6794   -46.3346 -56.0309
0.58  26.8199 26.6212   -46.2878 -55.9788
0.59  26.7651 26.5629   -46.241 -55.9267
0.6  26.7102 26.5046   -46.1943 -55.8746
0.61  26.6554 26.4464   -46.1475 -55.8225
0.62  26.6006 26.3881   -46.1008 -55.7705
0.63  26.5458 26.3299   -46.054 -55.7184
0.64  26.4909 26.2716   -46.0072 -55.6663
0.65  26.4361 26.2134   -45.9605 -55.6142
0.66  26.3813 26.1551   -45.9137 -55.5621
0.67  26.3264 26.0968   -45.8669 -55.51
0.68  26.2716 26.0386   -45.8202 -55.4579
0.69  26.2168 25.9803   -45.7734 -55.4058
0.7  26.162 25.9221   -45.7267 -55.3537
0.71  26.1071 25.8638   -45.6799 -55.3017
0.72  26.0523 25.8056   -45.6331 -55.2496
0.73  25.9975 25.7473   -45.5864 -55.1975
0.74  25.9426 25.6891   -45.5396 -55.1454
0.75  25.8878 25.6308   -45.4928 -55.0933
0.76  25.833 25.5725   -45.4461 -55.0412
0.77  25.7782 25.5143   -45.3993 -54.9891
0.78  25.7233 25.456   -45.3526 -54.937
0.79  25.6685 25.3978   -45.3058 -54.8849
0.8  25.6137 25.3395   -45.259 -54.8328
0.81  25.5588 25.2813   -45.2123 -54.7808
0.82  25.504 25.223   -45.1655 -54.7287
0.83  25.4492 25.1648   -45.1187 -54.6766
0.84  25.3943 25.1065   -45.072 -54.6245
0.85  25.3395 25.0482   -45.0252 -54.5724
0.86  25.2847 24.99   -44.9785 -54.5203
0.87  25.2299 24.9317   -44.9317 -54.4682
0.88  25.175 24.8735   -44.8849 -54.4161
0.89  25.1202 24.8152   -44.8382 -54.364
0.9  25.0654 24.757   -44.7914 -54.312
0.91  25.0105 24.6987   -44.7446 -54.2599
0.92  24.9557 24.6404   -44.6979 -54.2078
0.93  24.9009 24.5822   -44.6511 -54.1557
0.94  24.8461 24.5239   -44.6044 -54.1036
0.95  24.7912 24.4657   -44.5576 -54.0515
0.96  24.7364 24.4074   -44.5108 -53.9994
0.97  24.6816 24.3492   -44.4641 -53.9473
0.98  24.6267 24.2909   -44.4173 -53.8952
0.99  24.5719 24.2327   -44.3706 -53.8431
1  24.5171 24.1744   -44.3238 -53.7911
1.01  24.4623 24.1161   -44.277 -53.739
1.02  24.4074 24.0579   -44.2303 -53.6869
1.03  24.3526 23.9996   -44.1835 -53.6348
1.04  24.2978 23.9414   -44.1367 -53.5827
1.05  24.2429 23.8831   -44.09 -53.5306
1.06  24.1881 23.8249   -44.0432 -53.4785
1.07  24.1333 23.7666   -43.9965 -53.4264
1.08  24.0784 23.7084   -43.9497 -53.3743
1.09  24.0236 23.6501   -43.9029 -53.3223
1.1  23.9688 23.5918   -43.8562 -53.2702
1.11  23.914 23.5336   -43.8094 -53.2181
1.12  23.8591 23.4753   -43.7626 -53.166
1.13  23.8043 23.4171   -43.7159 -53.1139
1.14  23.7495 23.3588   -43.6691 -53.0618
1.15  23.6946 23.3006   -43.6224 -53.0097
1.16  23.6398 23.2423   -43.5756 -52.9576
1.17  23.585 23.184   -43.5288 -52.9055
1.18  23.5302 23.1258   -43.4821 -52.8534
1.19  23.4753 23.0675   -43.4353 -52.8014
1.2  23.4205 23.0093   -43.3885 -52.7493
1.21  23.3657 22.951   -43.3418 -52.6972
1.22  23.3108 22.8928   -43.295 -52.6451
1.23  23.256 22.8345   -43.2483 -52.593
1.24  23.2012 22.7763   -43.2015 -52.5409
1.25  23.1464 22.718   -43.1547 -52.4888
1.26  23.0915 22.6597   -43.108 -52.4367
1.27  23.0367 22.6015   -43.0612 -52.3846
1.28  22.9819 22.5432   -43.0145 -52.3326
1.29  22.927 22.485   -42.9677 -52.2805
1.3  22.8722 22.4267   -42.9209 -52.2284
1.31  22.8174 22.3685   -42.8742 -52.1763
1.32  22.7625 22.3102   -42.8274 -52.1242
1.33  22.7077 22.252   -42.7806 -52.0721
1.34  22.6529 22.1937   -42.7339 -52.02
1.35  22.5981 22.1354   -42.6871 -51.9679
1.36  22.5432 22.0772   -42.6404 -51.9158
1.37  22.4884 22.0189   -42.5936 -51.8638
1.38  22.4336 21.9607   -42.5468 -51.8117
1.39  22.3787 21.9024   -42.5001 -51.7596
1.4  22.3239 21.8442   -42.4533 -51.7075
1.41  22.2691 21.7859   -42.4065 -51.6554
1.42  22.2143 21.7276   -42.3598 -51.6033
1.43  22.1594 21.6694   -42.313 -51.5512
1.44  22.1046 21.6111   -42.2663 -51.4991
1.45  22.0498 21.5529   -42.2195 -51.447
1.46  21.9949 21.4946   -42.1727 -51.3949
1.47  21.9401 21.4364   -42.126 -51.3429
1.48  21.8853 21.3781   -42.0792 -51.2908
1.49  21.8305 21.3199   -42.0324 -51.2387
1.5  21.7756 21.2616   -41.9857 -51.1866
1.51  21.7208 21.2033   -41.9389 -51.1345
1.52  21.666 21.1451   -41.8922 -51.0824
1.53  21.6111 21.0868   -41.8454 -51.0303
1.54  21.5563 21.0286   -41.7986 -50.9782
1.55  21.5015 20.9703   -41.7519 -50.9261
1.56  21.4466 20.9121   -41.7051 -50.8741
1.57  21.3918 20.8538   -41.6584 -50.822
1.58  21.337 20.7956   -41.6116 -50.7699
1.59  21.2822 20.7373   -41.5648 -50.7178
1.6  21.2273 20.679   -41.5181 -50.6657
1.61  21.1725 20.6208   -41.4713 -50.6136
1.62  21.1177 20.5625   -41.4245 -50.5615
1.63  21.0628 20.5043   -41.3778 -50.5094
1.64  21.008 20.446   -41.331 -50.4573
1.65  20.9532 20.3878   -41.2843 -50.4052
1.66  20.8984 20.3295   -41.2375 -50.3532
1.67  20.8435 20.2712   -41.1907 -50.3011
1.68  20.7887 20.213   -41.144 -50.249
1.69  20.7339 20.1547   -41.0972 -50.1969
1.7  20.679 20.0965   -41.0504 -50.1448
1.71  20.6242 20.0382   -41.0037 -50.0927
1.72  20.5694 19.98   -40.9569 -50.0406
1.73  20.5146 19.9217   -40.9102 -49.9885
1.74  20.4597 19.8635   -40.8634 -49.9364
1.75  20.4049 19.8052   -40.8166 -49.8844
1.76  20.3501 19.7469   -40.7699 -49.8323
1.77  20.2952 19.6887   -40.7231 -49.7802
1.78  20.2404 19.6304   -40.6763 -49.7281
1.79  20.1856 19.5722   -40.6296 -49.676
1.8  20.1307 19.5139   -40.5828 -49.6239
1.81  20.0759 19.4557   -40.5361 -49.5718
1.82  20.0211 19.3974   -40.4893 -49.5197
1.83  19.9663 19.3392   -40.4425 -49.4676
1.84  19.9114 19.2809   -40.3958 -49.4155
1.85  19.8566 19.2226   -40.349 -49.3635
1.86  19.8018 19.1644   -40.3023 -49.3114
1.87  19.7469 19.1061   -40.2555 -49.2593
1.88  19.6921 19.0479   -40.2087 -49.2072
1.89  19.6373 18.9896   -40.162 -49.1551
1.9  19.5825 18.9314   -40.1152 -49.103
1.91  19.5276 18.8731   -40.0684 -49.0509
1.92  19.4728 18.8148   -40.0217 -48.9988
1.93  19.418 18.7566   -39.9749 -48.9467
1.94  19.3631 18.6983   -39.9282 -48.8947
1.95  19.3083 18.6401   -39.8814 -48.8426
1.96  19.2535 18.5818   -39.8346 -48.7905
1.97  19.1987 18.5236   -39.7879 -48.7384
1.98  19.1438 18.4653   -39.7411 -48.6863
1.99  19.089 18.4071   -39.6943 -48.6342
2  19.0342 18.3488   -39.6476 -48.5821
2.01  18.9793 18.2905   -39.6008 -48.53
2.02  18.9245 18.2323   -39.5541 -48.4779
2.03  18.8697 18.174   -39.5073 -48.4258
2.04  18.8148 18.1158   -39.4605 -48.3738
2.05  18.76 18.0575   -39.4138 -48.3217
2.06  18.7052 17.9993   -39.367 -48.2696
2.07  18.6504 17.941   -39.3202 -48.2175
2.08  18.5955 17.8828   -39.2735 -48.1654
2.09  18.5407 17.8245   -39.2267 -48.1133
2.1  18.4859 17.7662   -39.18 -48.0612
2.11  18.431 17.708   -39.1332 -48.0091
2.12  18.3762 17.6497   -39.0864 -47.957
2.13  18.3214 17.5915   -39.0397 -47.905
2.14  18.2666 17.5332   -38.9929 -47.8529
2.15  18.2117 17.475   -38.9462 -47.8008
2.16  18.1569 17.4167   -38.8994 -47.7487
2.17  18.1021 17.3584   -38.8526 -47.6966
2.18  18.0472 17.3002   -38.8059 -47.6445
2.19  17.9924 17.2419   -38.7591 -47.5924
2.2  17.9376 17.1837   -38.7123 -47.5403
2.21  17.8828 17.1254   -38.6656 -47.4882
2.22  17.8279 17.0672   -38.6188 -47.4361
2.23  17.7731 17.0089   -38.5721 -47.3841
2.24  17.7183 16.9507   -38.5253 -47.332
2.25  17.6634 16.8924   -38.4785 -47.2799
2.26  17.6086 16.8341   -38.4318 -47.2278
2.27  17.5538 16.7759   -38.385 -47.1757
2.28  17.4989 16.7176   -38.3382 -47.1236
2.29  17.4441 16.6594   -38.2915 -47.0715
2.3  17.3893 16.6011   -38.2447 -47.0194
2.31  17.3345 16.5429   -38.198 -46.9673
2.32  17.2796 16.4846   -38.1512 -46.9153
2.33  17.2248 16.4264   -38.1044 -46.8632
2.34  17.17 16.3681   -38.0577 -46.8111
2.35  17.1151 16.3098   -38.0109 -46.759
2.36  17.0603 16.2516   -37.9641 -46.7069
2.37  17.0055 16.1933   -37.9174 -46.6548
2.38  16.9507 16.1351   -37.8706 -46.6027
2.39  16.8958 16.0768   -37.8239 -46.5506
2.4  16.841 16.0186   -37.7771 -46.4985
2.41  16.7862 15.9603   -37.7303 -46.4465
2.42  16.7313 15.902   -37.6836 -46.3944
2.43  16.6765 15.8438   -37.6368 -46.3423
2.44  16.6217 15.7855   -37.5901 -46.2902
2.45  16.5669 15.7273   -37.5433 -46.2381
2.46  16.512 15.669   -37.4965 -46.186
2.47  16.4572 15.6108   -37.4498 -46.1339
2.48  16.4024 15.5525   -37.403 -46.0818
2.49  16.3475 15.4943   -37.3562 -46.0297
2.5  16.2927 15.436   -37.3095 -45.9776
2.51  16.2379 15.3777   -37.2627 -45.9256
2.52  16.183 15.3195   -37.216 -45.8735
2.53  16.1282 15.2612   -37.1692 -45.8214
2.54  16.0734 15.203   -37.1224 -45.7693
2.55  16.0186 15.1447   -37.0757 -45.7172
2.56  15.9637 15.0865   -37.0289 -45.6651
2.57  15.9089 15.0282   -36.9821 -45.613
2.58  15.8541 14.97   -36.9354 -45.5609
2.59  15.7992 14.9117   -36.8886 -45.5088
2.6  15.7444 14.8534   -36.8419 -45.4568
2.61  15.6896 14.7952   -36.7951 -45.4047
2.62  15.6348 14.7369   -36.7483 -45.3526
2.63  15.5799 14.6787   -36.7016 -45.3005
2.64  15.5251 14.6204   -36.6548 -45.2484
2.65  15.4703 14.5622   -36.608 -45.1963
2.66  15.4154 14.5039   -36.5613 -45.1442
2.67  15.3606 14.4456   -36.5145 -45.0921
2.68  15.3058 14.3874   -36.4678 -45.04
2.69  15.251 14.3291   -36.421 -44.9879
2.7  15.1961 14.2709   -36.3742 -44.9359
2.71  15.1413 14.2126   -36.3275 -44.8838
2.72  15.0865 14.1544   -36.2807 -44.8317
2.73  15.0316 14.0961   -36.2339 -44.7796
2.74  14.9768 14.0379   -36.1872 -44.7275
2.75  14.922 13.9796   -36.1404 -44.6754
2.76  14.8671 13.9213   -36.0937 -44.6233
2.77  14.8123 13.8631   -36.0469 -44.5712
2.78  14.7575 13.8048   -36.0001 -44.5191
2.79  14.7027 13.7466   -35.9534 -44.4671
2.8  14.6478 13.6883   -35.9066 -44.415
2.81  14.593 13.6301   -35.8599 -44.3629
2.82  14.5382 13.5718   -35.8131 -44.3108
2.83  14.4833 13.5136   -35.7663 -44.2587
2.84  14.4285 13.4553   -35.7196 -44.2066
2.85  14.3737 13.397   -35.6728 -44.1545
2.86  14.3189 13.3388   -35.626 -44.1024
2.87  14.264 13.2805   -35.5793 -44.0503
2.88  14.2092 13.2223   -35.5325 -43.9982
2.89  14.1544 13.164   -35.4858 -43.9462
2.9  14.0995 13.1058   -35.439 -43.8941
2.91  14.0447 13.0475   -35.3922 -43.842
2.92  13.9899 12.9892   -35.3455 -43.7899
2.93  13.9351 12.931   -35.2987 -43.7378
2.94  13.8802 12.8727   -35.2519 -43.6857
2.95  13.8254 12.8145   -35.2052 -43.6336
2.96  13.7706 12.7562   -35.1584 -43.5815
2.97  13.7157 12.698   -35.1117 -43.5294
2.98  13.6609 12.6397   -35.0649 -43.4774
2.99  13.6061 12.5815   -35.0181 -43.4253
3  13.5512 12.5232   -34.9714 -43.3732
3.01  13.4964 12.4649   -34.9246 -43.3211
3.02  13.4416 12.4067   -34.8778 -43.269
3.03  13.3868 12.3484   -34.8311 -43.2169
3.04  13.3319 12.2902   -34.7843 -43.1648
3.05  13.2771 12.2319   -34.7376 -43.1127
3.06  13.2223 12.1737   -34.6908 -43.0606
3.07  13.1674 12.1154   -34.644 -43.0085
3.08  13.1126 12.0572   -34.5973 -42.9565
3.09  13.0578 11.9989   -34.5505 -42.9044
3.1  13.003 11.9406   -34.5038 -42.8523
3.11  12.9481 11.8824   -34.457 -42.8002
3.12  12.8933 11.8241   -34.4102 -42.7481
3.13  12.8385 11.7659   -34.3635 -42.696
3.14  12.7836 11.7076   -34.3167 -42.6439
3.15  12.7288 11.6494   -34.2699 -42.5918
3.16  12.674 11.5911   -34.2232 -42.5397
3.17  12.6192 11.5328   -34.1764 -42.4877
3.18  12.5643 11.4746   -34.1297 -42.4356
3.19  12.5095 11.4163   -34.0829 -42.3835
3.2  12.4547 11.3581   -34.0361 -42.3314
3.21  12.3998 11.2998   -33.9894 -42.2793
3.22  12.345 11.2416   -33.9426 -42.2272
3.23  12.2902 11.1833   -33.8958 -42.1751
3.24  12.2353 11.1251   -33.8491 -42.123
3.25  12.1805 11.0668   -33.8023 -42.0709
3.26  12.1257 11.0085   -33.7556 -42.0189
3.27  12.0709 10.9503   -33.7088 -41.9668
3.28  12.016 10.892   -33.662 -41.9147
3.29  11.9612 10.8338   -33.6153 -41.8626
3.3  11.9064 10.7755   -33.5685 -41.8105
3.31  11.8515 10.7173   -33.5217 -41.7584
3.32  11.7967 10.659   -33.475 -41.7063
3.33  11.7419 10.6008   -33.4282 -41.6542
3.34  11.6871 10.5425   -33.3815 -41.6021
3.35  11.6322 10.4842   -33.3347 -41.55
3.36  11.5774 10.426   -33.2879 -41.498
3.37  11.5226 10.3677   -33.2412 -41.4459
3.38  11.4677 10.3095   -33.1944 -41.3938
3.39  11.4129 10.2512   -33.1477 -41.3417
3.4  11.3581 10.193   -33.1009 -41.2896
3.41  11.3033 10.1347   -33.0541 -41.2375
3.42  11.2484 10.0764   -33.0074 -41.1854
3.43  11.1936 10.0182   -32.9606 -41.1333
3.44  11.1388 9.95994   -32.9138 -41.0812
3.45  11.0839 9.90168   -32.8671 -41.0292
3.46  11.0291 9.84342   -32.8203 -40.9771
3.47  10.9743 9.78517   -32.7736 -40.925
3.48  10.9194 9.72691   -32.7268 -40.8729
3.49  10.8646 9.66866   -32.68 -40.8208
3.5  10.8098 9.6104   -32.6333 -40.7687
3.51  10.755 9.55214   -32.5865 -40.7166
3.52  10.7001 9.49389   -32.5397 -40.6645
3.53  10.6453 9.43563   -32.493 -40.6124
3.54  10.5905 9.37738   -32.4462 -40.5603
3.55  10.5356 9.31912   -32.3995 -40.5083
3.56  10.4808 9.26086   -32.3527 -40.4562
3.57  10.426 9.20261   -32.3059 -40.4041
3.58  10.3712 9.14435   -32.2592 -40.352
3.59  10.3163 9.0861   -32.2124 -40.2999
3.6  10.2615 9.02784   -32.1656 -40.2478
3.61  10.2067 8.96958   -32.1189 -40.1957
3.62  10.1518 8.91133   -32.0721 -40.1436
3.63  10.097 8.85307   -32.0254 -40.0915
3.64  10.0422 8.79482   -31.9786 -40.0395
3.65  9.98735 8.73656   -31.9318 -39.9874
3.66  9.93252 8.6783   -31.8851 -39.9353
3.67  9.87769 8.62005   -31.8383 -39.8832
3.68  9.82286 8.56179   -31.7916 -39.8311
3.69  9.76803 8.50354   -31.7448 -39.779
3.7  9.7132 8.44528   -31.698 -39.7269
3.71  9.65838 8.38702   -31.6513 -39.6748
3.72  9.60355 8.32877   -31.6045 -39.6227
3.73  9.54872 8.27051   -31.5577 -39.5706
3.74  9.49389 8.21226   -31.511 -39.5186
3.75  9.43906 8.154   -31.4642 -39.4665
3.76  9.38423 8.09574   -31.4175 -39.4144
3.77  9.3294 8.03749   -31.3707 -39.3623
3.78  9.27457 7.97923   -31.3239 -39.3102
3.79  9.21974 7.92098   -31.2772 -39.2581
3.8  9.16491 7.86272   -31.2304 -39.206
3.81  9.11008 7.80446   -31.1836 -39.1539
3.82  9.05525 7.74621   -31.1369 -39.1018
3.83  9.00043 7.68795   -31.0901 -39.0498
3.84  8.9456 7.6297   -31.0434 -38.9977
3.85  8.89077 7.57144   -30.9966 -38.9456
3.86  8.83594 7.51318   -30.9498 -38.8935
3.87  8.78111 7.45493   -30.9031 -38.8414
3.88  8.72628 7.39667   -30.8563 -38.7893
3.89  8.67145 7.33842   -30.8095 -38.7372
3.9  8.61662 7.28016   -30.7628 -38.6851
3.91  8.56179 7.2219   -30.716 -38.633
3.92  8.50696 7.16365   -30.6693 -38.5809
3.93  8.45213 7.10539   -30.6225 -38.5289
3.94  8.3973 7.04714   -30.5757 -38.4768
3.95  8.34248 6.98888   -30.529 -38.4247
3.96  8.28765 6.93062   -30.4822 -38.3726
3.97  8.23282 6.87237   -30.4355 -38.3205
3.98  8.17799 6.81411   -30.3887 -38.2684
3.99  8.12316 6.75586   -30.3419 -38.2163
4  8.06833 6.6976   -30.2952 -38.1642
4.01  8.0135 6.63934   -30.2484 -38.1121
4.02  7.95867 6.58109   -30.2016 -38.0601
4.03  7.90384 6.52283   -30.1549 -38.008
4.04  7.84901 6.46458   -30.1081 -37.9559
4.05  7.79418 6.40632   -30.0614 -37.9038
4.06  7.73935 6.34806   -30.0146 -37.8517
4.07  7.68453 6.28981   -29.9678 -37.7996
4.08  7.6297 6.23155   -29.9211 -37.7475
4.09  7.57487 6.1733   -29.8743 -37.6954
4.1  7.52004 6.11504   -29.8275 -37.6433
4.11  7.46521 6.05678   -29.7808 -37.5913
4.12  7.41038 5.99853   -29.734 -37.5392
4.13  7.35555 5.94027   -29.6873 -37.4871
4.14  7.30072 5.88202   -29.6405 -37.435
4.15  7.24589 5.82376   -29.5937 -37.3829
4.16  7.19106 5.7655   -29.547 -37.3308
4.17  7.13623 5.70725   -29.5002 -37.2787
4.18  7.0814 5.64899   -29.4534 -37.2266
4.19  7.02658 5.59074   -29.4067 -37.1745
4.2  6.97175 5.53248   -29.3599 -37.1224
4.21  6.91692 5.47422   -29.3132 -37.0704
4.22  6.86209 5.41597   -29.2664 -37.0183
4.23  6.80726 5.35771   -29.2196 -36.9662
4.24  6.75243 5.29946   -29.1729 -36.9141
4.25  6.6976 5.2412   -29.1261 -36.862
4.26  6.64277 5.18294   -29.0794 -36.8099
4.27  6.58794 5.12469   -29.0326 -36.7578
4.28  6.53311 5.06643   -28.9858 -36.7057
4.29  6.47828 5.00818   -28.9391 -36.6536
4.3  6.42345 4.94992   -28.8923 -36.6016
4.31  6.36863 4.89166   -28.8455 -36.5495
4.32  6.3138 4.83341   -28.7988 -36.4974
4.33  6.25897 4.77515   -28.752 -36.4453
4.34  6.20414 4.7169   -28.7053 -36.3932
4.35  6.14931 4.65864   -28.6585 -36.3411
4.36  6.09448 4.60038   -28.6117 -36.289
4.37  6.03965 4.54213   -28.565 -36.2369
4.38  5.98482 4.48387   -28.5182 -36.1848
4.39  5.92999 4.42562   -28.4714 -36.1327
4.4  5.87516 4.36736   -28.4247 -36.0807
4.41  5.82033 4.3091   -28.3779 -36.0286
4.42  5.7655 4.25085   -28.3312 -35.9765
4.43  5.71068 4.19259   -28.2844 -35.9244
4.44  5.65585 4.13434   -28.2376 -35.8723
4.45  5.60102 4.07608   -28.1909 -35.8202
4.46  5.54619 4.01782   -28.1441 -35.7681
4.47  5.49136 3.95957   -28.0973 -35.716
4.48  5.43653 3.90131   -28.0506 -35.6639
4.49  5.3817 3.84306   -28.0038 -35.6119
4.5  5.32687 3.7848   -27.9571 -35.5598
4.51  5.27204 3.72654   -27.9103 -35.5077
4.52  5.21721 3.66829   -27.8635 -35.4556
4.53  5.16238 3.61003   -27.8168 -35.4035
4.54  5.10755 3.55178   -27.77 -35.3514
4.55  5.05272 3.49352   -27.7232 -35.2993
4.56  4.9979 3.43526   -27.6765 -35.2472
4.57  4.94307 3.37701   -27.6297 -35.1951
4.58  4.88824 3.31875   -27.583 -35.143
4.59  4.83341 3.2605   -27.5362 -35.091
4.6  4.77858 3.20224   -27.4894 -35.0389
4.61  4.72375 3.14398   -27.4427 -34.9868
4.62  4.66892 3.08573   -27.3959 -34.9347
4.63  4.61409 3.02747   -27.3492 -34.8826
4.64  4.55926 2.96922   -27.3024 -34.8305
4.65  4.50443 2.91096   -27.2556 -34.7784
4.66  4.4496 2.8527   -27.2089 -34.7263
4.67  4.39477 2.79445   -27.1621 -34.6742
4.68  4.33995 2.73619   -27.1153 -34.6222
4.69  4.28512 2.67794   -27.0686 -34.5701
4.7  4.23029 2.61968   -27.0218 -34.518
4.71  4.17546 2.56142   -26.9751 -34.4659
4.72  4.12063 2.50317   -26.9283 -34.4138
4.73  4.0658 2.44491   -26.8815 -34.3617
4.74  4.01097 2.38666   -26.8348 -34.3096
4.75  3.95614 2.3284   -26.788 -34.2575
4.76  3.90131 2.27014   -26.7412 -34.2054
4.77  3.84648 2.21189   -26.6945 -34.1533
4.78  3.79165 2.15363   -26.6477 -34.1013
4.79  3.73682 2.09538   -26.601 -34.0492
4.8  3.682 2.03712   -26.5542 -33.9971
4.81  3.62717 1.97886   -26.5074 -33.945
4.82  3.57234 1.92061   -26.4607 -33.8929
4.83  3.51751 1.86235   -26.4139 -33.8408
4.84  3.46268 1.8041   -26.3671 -33.7887
4.85  3.40785 1.74584   -26.3204 -33.7366
4.86  3.35302 1.68758   -26.2736 -33.6845
4.87  3.29819 1.62933   -26.2269 -33.6325
4.88  3.24336 1.57107   -26.1801 -33.5804
4.89  3.18853 1.51282   -26.1333 -33.5283
4.9  3.1337 1.45456   -26.0866 -33.4762
4.91  3.07887 1.3963   -26.0398 -33.4241
4.92  3.02405 1.33805   -25.9931 -33.372
4.93  2.96922 1.27979   -25.9463 -33.3199
4.94  2.91439 1.22154   -25.8995 -33.2678
4.95  2.85956 1.16328   -25.8528 -33.2157
4.96  2.80473 1.10502   -25.806 -33.1637
4.97  2.7499 1.04677   -25.7592 -33.1116
4.98  2.69507 0.988512   -25.7125 -33.0595
4.99  2.64024 0.930256   -25.6657 -33.0074
5  2.58541 0.872   -25.619 -32.9553
5.01  2.53058 0.813744   -25.5722 -32.9032
5.02  2.47575 0.755488   -25.5254 -32.8511
5.03  2.42092 0.697232   -25.4787 -32.799
5.04  2.3661 0.638976   -25.4319 -32.7469
5.05  2.31127 0.58072   -25.3851 -32.6948
5.06  2.25644 0.522464   -25.3384 -32.6428
5.07  2.20161 0.464208   -25.2916 -32.5907
5.08  2.14678 0.405952   -25.2449 -32.5386
5.09  2.09195 0.347696   -25.1981 -32.4865
5.1  2.03712 0.28944   -25.1513 -32.4344
5.11  1.98229 0.231184   -25.1046 -32.3823
5.12  1.92746 0.172928   -25.0578 -32.3302
5.13  1.87263 0.114672   -25.011 -32.2781
5.14  1.8178 0.0564163   -24.9643 -32.226
5.15  1.76297 -0.0018397   -24.9175 -32.174
5.16  1.70815 -0.0600957   -24.8708 -32.1219
5.17  1.65332 -0.118352   -24.824 -32.0698
5.18  1.59849 -0.176608   -24.7772 -32.0177
5.19  1.54366 -0.234864   -24.7305 -31.9656
5.2  1.48883 -0.29312   -24.6837 -31.9135
5.21  1.434 -0.351376   -24.637 -31.8614
5.22  1.37917 -0.409632   -24.5902 -31.8093
5.23  1.32434 -0.467888   -24.5434 -31.7572
5.24  1.26951 -0.526144   -24.4967 -31.7051
5.25  1.21468 -0.5844   -24.4499 -31.6531
5.26  1.15985 -0.642656   -24.4031 -31.601
5.27  1.10502 -0.700912   -24.3564 -31.5489
5.28  1.0502 -0.759168   -24.3096 -31.4968
5.29  0.995366 -0.817424   -24.2629 -31.4447
5.3  0.940537 -0.87568   -24.2161 -31.3926
5.31  0.885708 -0.933936   -24.1693 -31.3405
5.32  0.830878 -0.992192   -24.1226 -31.2884
5.33  0.776049 -1.05045   -24.0758 -31.2363
5.34  0.72122 -1.1087   -24.029 -31.1843
5.35  0.666391 -1.16696   -23.9823 -31.1322
5.36  0.611562 -1.22522   -23.9355 -31.0801
5.37  0.556733 -1.28347   -23.8888 -31.028
5.38  0.501903 -1.34173   -23.842 -30.9759
5.39  0.447074 -1.39998   -23.7952 -30.9238
5.4  0.392245 -1.45824   -23.7485 -30.8717
5.41  0.337416 -1.5165   -23.7017 -30.8196
5.42  0.282587 -1.57475   -23.6549 -30.7675
5.43  0.227757 -1.63301   -23.6082 -30.7154
5.44  0.172928 -1.69126   -23.5614 -30.6634
5.45  0.118099 -1.74952   -23.5147 -30.6113
5.46  0.0632699 -1.80778   -23.4679 -30.5592
5.47  0.00844077 -1.86603   -23.4211 -30.5071
5.48  -0.0463884 -1.92429   -23.3744 -30.455
5.49  -0.101218 -1.98254   -23.3276 -30.4029
5.5  -0.156047 -2.0408   -23.2809 -30.3508
5.51  -0.210876 -2.09906   -23.2341 -30.2987
5.52  -0.265705 -2.15731   -23.1873 -30.2466
5.53  -0.320534 -2.21557   -23.1406 -30.1946
5.54  -0.375363 -2.27382   -23.0938 -30.1425
5.55  -0.430193 -2.33208   -23.047 -30.0904
5.56  -0.485022 -2.39034   -23.0003 -30.0383
5.57  -0.539851 -2.44859   -22.9535 -29.9862
5.58  -0.59468 -2.50685   -22.9068 -29.9341
5.59  -0.649509 -2.5651   -22.86 -29.882
5.6  -0.704339 -2.62336   -22.8132 -29.8299
5.61  -0.759168 -2.68162   -22.7665 -29.7778
5.62  -0.813997 -2.73987   -22.7197 -29.7257
5.63  -0.868826 -2.79813   -22.6729 -29.6737
5.64  -0.923655 -2.85638   -22.6262 -29.6216
5.65  -0.978484 -2.91464   -22.5794 -29.5695
5.66  -1.03331 -2.9729   -22.5327 -29.5174
5.67  -1.08814 -3.03115   -22.4859 -29.4653
5.68  -1.14297 -3.08941   -22.4391 -29.4132
5.69  -1.1978 -3.14766   -22.3924 -29.3611
5.7  -1.25263 -3.20592   -22.3456 -29.309
5.71  -1.30746 -3.26418   -22.2988 -29.2569
5.72  -1.36229 -3.32243   -22.2521 -29.2049
5.73  -1.41712 -3.38069   -22.2053 -29.1528
5.74  -1.47195 -3.43894   -22.1586 -29.1007
5.75  -1.52678 -3.4972   -22.1118 -29.0486
5.76  -1.58161 -3.55546   -22.065 -28.9965
5.77  -1.63643 -3.61371   -22.0183 -28.9444
5.78  -1.69126 -3.67197   -21.9715 -28.8923
5.79  -1.74609 -3.73022   -21.9248 -28.8402
5.8  -1.80092 -3.78848   -21.878 -28.7881
5.81  -1.85575 -3.84674   -21.8312 -28.7361
5.82  -1.91058 -3.90499   -21.7845 -28.684
5.83  -1.96541 -3.96325   -21.7377 -28.6319
5.84  -2.02024 -4.0215   -21.6909 -28.5798
5.85  -2.07507 -4.07976   -21.6442 -28.5277
5.86  -2.1299 -4.13802   -21.5974 -28.4756
5.87  -2.18473 -4.19627   -21.5507 -28.4235
5.88  -2.23956 -4.25453   -21.5039 -28.3714
5.89  -2.29438 -4.31278   -21.4571 -28.3193
5.9  -2.34921 -4.37104   -21.4104 -28.2672
5.91  -2.40404 -4.4293   -21.3636 -28.2152
5.92  -2.45887 -4.48755   -21.3168 -28.1631
5.93  -2.5137 -4.54581   -21.2701 -28.111
5.94  -2.56853 -4.60406   -21.2233 -28.0589
5.95  -2.62336 -4.66232   -21.1766 -28.0068
5.96  -2.67819 -4.72058   -21.1298 -27.9547
5.97  -2.73302 -4.77883   -21.083 -27.9026
5.98  -2.78785 -4.83709   -21.0363 -27.8505
5.99  -2.84268 -4.89534   -20.9895 -27.7984
6  -2.89751 -4.9536   -20.9427 -27.7464
6.01  -2.95233 -5.01186   -20.896 -27.6943
6.02  -3.00716 -5.07011   -20.8492 -27.6422
6.03  -3.06199 -5.12837   -20.8025 -27.5901
6.04  -3.11682 -5.18662   -20.7557 -27.538
6.05  -3.17165 -5.24488   -20.7089 -27.4859
6.06  -3.22648 -5.30314   -20.6622 -27.4338
6.07  -3.28131 -5.36139   -20.6154 -27.3817
6.08  -3.33614 -5.41965   -20.5687 -27.3296
6.09  -3.39097 -5.4779   -20.5219 -27.2775
6.1  -3.4458 -5.53616   -20.4751 -27.2255
6.11  -3.50063 -5.59442   -20.4284 -27.1734
6.12  -3.55546 -5.65267   -20.3816 -27.1213
6.13  -3.61028 -5.71093   -20.3348 -27.0692
6.14  -3.66511 -5.76918   -20.2881 -27.0171
6.15  -3.71994 -5.82744   -20.2413 -26.965
6.16  -3.77477 -5.8857   -20.1946 -26.9129
6.17  -3.8296 -5.94395   -20.1478 -26.8608
6.18  -3.88443 -6.00221   -20.101 -26.8087
6.19  -3.93926 -6.06046   -20.0543 -26.7567
6.2  -3.99409 -6.11872   -20.0075 -26.7046
6.21  -4.04892 -6.17698   -19.9607 -26.6525
6.22  -4.10375 -6.23523   -19.914 -26.6004
6.23  -4.15858 -6.29349   -19.8672 -26.5483
6.24  -4.21341 -6.35174   -19.8205 -26.4962
6.25  -4.26823 -6.41   -19.7737 -26.4441
6.26  -4.32306 -6.46826   -19.7269 -26.392
6.27  -4.37789 -6.52651   -19.6802 -26.3399
6.28  -4.43272 -6.58477   -19.6334 -26.2878
6.29  -4.48755 -6.64302   -19.5866 -26.2358
6.3  -4.54238 -6.70128   -19.5399 -26.1837
6.31  -4.59721 -6.75954   -19.4931 -26.1316
6.32  -4.65204 -6.81779   -19.4464 -26.0795
6.33  -4.70687 -6.87605   -19.3996 -26.0274
6.34  -4.7617 -6.9343   -19.3528 -25.9753
6.35  -4.81653 -6.99256   -19.3061 -25.9232
6.36  -4.87136 -7.05082   -19.2593 -25.8711
6.37  -4.92619 -7.10907   -19.2125 -25.819
6.38  -4.98101 -7.16733   -19.1658 -25.767
6.39  -5.03584 -7.22558   -19.119 -25.7149
6.4  -5.09067 -7.28384   -19.0723 -25.6628
6.41  -5.1455 -7.3421   -19.0255 -25.6107
6.42  -5.20033 -7.40035   -18.9787 -25.5586
6.43  -5.25516 -7.45861   -18.932 -25.5065
6.44  -5.30999 -7.51686   -18.8852 -25.4544
6.45  -5.36482 -7.57512   -18.8385 -25.4023
6.46  -5.41965 -7.63338   -18.7917 -25.3502
6.47  -5.47448 -7.69163   -18.7449 -25.2981
6.48  -5.52931 -7.74989   -18.6982 -25.2461
6.49  -5.58414 -7.80814   -18.6514 -25.194
6.5  -5.63896 -7.8664   -18.6046 -25.1419
6.51  -5.69379 -7.92466   -18.5579 -25.0898
6.52  -5.74862 -7.98291   -18.5111 -25.0377
6.53  -5.80345 -8.04117   -18.4644 -24.9856
6.54  -5.85828 -8.09942   -18.4176 -24.9335
6.55  -5.91311 -8.15768   -18.3708 -24.8814
6.56  -5.96794 -8.21594   -18.3241 -24.8293
6.57  -6.02277 -8.27419   -18.2773 -24.7773
6.58  -6.0776 -8.33245   -18.2305 -24.7252
6.59  -6.13243 -8.3907   -18.1838 -24.6731
6.6  -6.18726 -8.44896   -18.137 -24.621
6.61  -6.24209 -8.50722   -18.0903 -24.5689
6.62  -6.29691 -8.56547   -18.0435 -24.5168
6.63  -6.35174 -8.62373   -17.9967 -24.4647
6.64  -6.40657 -8.68198   -17.95 -24.4126
6.65  -6.4614 -8.74024   -17.9032 -24.3605
6.66  -6.51623 -8.7985   -17.8564 -24.3084
6.67  -6.57106 -8.85675   -17.8097 -24.2564
6.68  -6.62589 -8.91501   -17.7629 -24.2043
6.69  -6.68072 -8.97326   -17.7162 -24.1522
6.7  -6.73555 -9.03152   -17.6694 -24.1001
6.71  -6.79038 -9.08978   -17.6226 -24.048
6.72  -6.84521 -9.14803   -17.5759 -23.9959
6.73  -6.90004 -9.20629   -17.5291 -23.9438
6.74  -6.95486 -9.26454   -17.4824 -23.8917
6.75  -7.00969 -9.3228   -17.4356 -23.8396
6.76  -7.06452 -9.38106   -17.3888 -23.7876
6.77  -7.11935 -9.43931   -17.3421 -23.7355
6.78  -7.17418 -9.49757   -17.2953 -23.6834
6.79  -7.22901 -9.55582   -17.2485 -23.6313
6.8  -7.28384 -9.61408   -17.2018 -23.5792
6.81  -7.33867 -9.67234   -17.155 -23.5271
6.82  -7.3935 -9.73059   -17.1083 -23.475
6.83  -7.44833 -9.78885   -17.0615 -23.4229
6.84  -7.50316 -9.8471   -17.0147 -23.3708
6.85  -7.55799 -9.90536   -16.968 -23.3188
6.86  -7.61281 -9.96362   -16.9212 -23.2667
6.87  -7.66764 -10.0219   -16.8744 -23.2146
6.88  -7.72247 -10.0801   -16.8277 -23.1625
6.89  -7.7773 -10.1384   -16.7809 -23.1104
6.9  -7.83213 -10.1966   -16.7342 -23.0583
6.91  -7.88696 -10.2549   -16.6874 -23.0062
6.92  -7.94179 -10.3132   -16.6406 -22.9541
6.93  -7.99662 -10.3714   -16.5939 -22.902
6.94  -8.05145 -10.4297   -16.5471 -22.8499
6.95  -8.10628 -10.4879   -16.5003 -22.7979
6.96  -8.16111 -10.5462   -16.4536 -22.7458
6.97  -8.21594 -10.6044   -16.4068 -22.6937
6.98  -8.27076 -10.6627   -16.3601 -22.6416
6.99  -8.32559 -10.7209   -16.3133 -22.5895
7  -8.38042 -10.7792   -16.2665 -22.5374
7.01  -8.43525 -10.8375   -16.2198 -22.4853
7.02  -8.49008 -10.8957   -16.173 -22.4332
7.03  -8.54491 -10.954   -16.1263 -22.3811
7.04  -8.59974 -11.0122   -16.0795 -22.3291
7.05  -8.65457 -11.0705   -16.0327 -22.277
7.06  -8.7094 -11.1287   -15.986 -22.2249
7.07  -8.76423 -11.187   -15.9392 -22.1728
7.08  -8.81179 -11.2341   -15.8997 -22.1319
7.09  -8.8263 -11.2304   -15.8933 -22.1418
7.1  -8.84106 -11.2265   -15.8866 -22.1518
7.11  -8.85594 -11.2226   -15.8797 -22.1618
7.12  -8.87094 -11.2187   -15.8728 -22.1719
7.13  -8.88607 -11.2147   -15.8657 -22.1821
7.14  -8.90132 -11.2106   -15.8585 -22.1923
7.15  -8.9167 -11.2066   -15.8512 -22.2026
7.16  -8.93221 -11.2024   -15.8437 -22.2129
7.17  -8.94786 -11.1982   -15.8361 -22.2233
7.18  -8.96363 -11.194   -15.8283 -22.2338
7.19  -8.97954 -11.1897   -15.8204 -22.2442
7.2  -8.99559 -11.1854   -15.8124 -22.2548
7.21  -9.01177 -11.181   -15.8042 -22.2654
7.22  -9.0281 -11.1766   -15.7959 -22.276
7.23  -9.04456 -11.1721   -15.7874 -22.2867
7.24  -9.06117 -11.1676   -15.7788 -22.2974
7.25  -9.07792 -11.163   -15.77 -22.3082
7.26  -9.09482 -11.1584   -15.7611 -22.3191
7.27  -9.11187 -11.1537   -15.752 -22.3299
7.28  -9.12907 -11.149   -15.7428 -22.3409
7.29  -9.14642 -11.1442   -15.7334 -22.3519
7.3  -9.16392 -11.1394   -15.7239 -22.3629
7.31  -9.18158 -11.1346   -15.7142 -22.374
7.32  -9.19939 -11.1297   -15.7043 -22.3852
7.33  -9.21737 -11.1247   -15.6943 -22.3964
7.34  -9.2355 -11.1197   -15.6841 -22.4076
7.35  -9.2538 -11.1147   -15.6737 -22.4189
7.36  -9.27226 -11.1096   -15.6632 -22.4302
7.37  -9.29089 -11.1045   -15.6524 -22.4416
7.38  -9.30969 -11.0993   -15.6416 -22.453
7.39  -9.32866 -11.0941   -15.6305 -22.4645
7.4  -9.34781 -11.0888   -15.6192 -22.476
7.41  -9.36713 -11.0835   -15.6078 -22.4876
7.42  -9.38662 -11.0782   -15.5962 -22.4992
7.43  -9.4063 -11.0728   -15.5844 -22.5109
7.44  -9.42615 -11.0673   -15.5724 -22.5226
7.45  -9.44619 -11.0619   -15.5603 -22.5344
7.46  -9.46641 -11.0564   -15.5479 -22.5462
7.47  -9.48683 -11.0508   -15.5354 -22.558
7.48  -9.50743 -11.0452   -15.5226 -22.5699
7.49  -9.52822 -11.0396   -15.5097 -22.5818
7.5  -9.54921 -11.0339   -15.4965 -22.5938
7.51  -9.5704 -11.0282   -15.4832 -22.6058
7.52  -9.59178 -11.0225   -15.4696 -22.6178
7.53  -9.61336 -11.0167   -15.4558 -22.6299
7.54  -9.63515 -11.0109   -15.4419 -22.642
7.55  -9.65715 -11.0051   -15.4277 -22.6542
7.56  -9.67935 -10.9992   -15.4133 -22.6663
7.57  -9.70176 -10.9933   -15.3987 -22.6786
7.58  -9.72439 -10.9874   -15.3838 -22.6908
7.59  -9.74723 -10.9814   -15.3688 -22.7031
7.6  -9.77029 -10.9754   -15.3535 -22.7154
7.61  -9.79357 -10.9694   -15.338 -22.7278
7.62  -9.81707 -10.9634   -15.3222 -22.7402
7.63  -9.8408 -10.9573   -15.3063 -22.7526
7.64  -9.86475 -10.9512   -15.29 -22.765
7.65  -9.88893 -10.9451   -15.2736 -22.7775
7.66  -9.91335 -10.939   -15.2569 -22.79
7.67  -9.93801 -10.9328   -15.24 -22.8025
7.68  -9.9629 -10.9266   -15.2228 -22.815
7.69  -9.98803 -10.9204   -15.2054 -22.8275
7.7  -10.0134 -10.9142   -15.1877 -22.8401
7.71  -10.039 -10.908   -15.1698 -22.8527
7.72  -10.0649 -10.9018   -15.1516 -22.8653
7.73  -10.091 -10.8956   -15.1332 -22.8779
7.74  -10.1174 -10.8893   -15.1145 -22.8905
7.75  -10.144 -10.8831   -15.0955 -22.9031
7.76  -10.1709 -10.8768   -15.0763 -22.9158
7.77  -10.1981 -10.8705   -15.0568 -22.9284
7.78  -10.2255 -10.8643   -15.037 -22.9411
7.79  -10.2532 -10.858   -15.017 -22.9537
7.8  -10.2811 -10.8518   -14.9967 -22.9664
7.81  -10.3093 -10.8455   -14.9761 -22.979
7.82  -10.3378 -10.8393   -14.9552 -22.9917
7.83  -10.3666 -10.8331   -14.934 -23.0043
7.84  -10.3957 -10.8268   -14.9126 -23.0169
7.85  -10.425 -10.8206   -14.8908 -23.0295
7.86  -10.4546 -10.8144   -14.8688 -23.0421
7.87  -10.4846 -10.8083   -14.8464 -23.0547
7.88  -10.5148 -10.8021   -14.8238 -23.0672
7.89  -10.5453 -10.796   -14.8008 -23.0798
7.9  -10.5761 -10.7899   -14.7776 -23.0923
7.91  -10.6072 -10.7839   -14.754 -23.1048
7.92  -10.6386 -10.7779   -14.7301 -23.1172
7.93  -10.6703 -10.7719   -14.706 -23.1296
7.94  -10.7024 -10.7659   -14.6814 -23.142
7.95  -10.7347 -10.76   -14.6566 -23.1543
7.96  -10.7673 -10.7542   -14.6315 -23.1666
7.97  -10.8003 -10.7484   -14.606 -23.1789
7.98  -10.8336 -10.7426   -14.5802 -23.191
7.99  -10.8672 -10.7369   -14.5541 -23.2032
8  -10.9012 -10.7313   -14.5276 -23.2153
8.01  -10.9354 -10.7257   -14.5008 -23.2273
8.02  -10.97 -10.7202   -14.4737 -23.2392
8.03  -11.005 -10.7148   -14.4462 -23.2511
8.04  -11.0402 -10.7095   -14.4184 -23.2629
8.05  -11.0758 -10.7042   -14.3902 -23.2746
8.06  -11.1118 -10.699   -14.3617 -23.2863
8.07  -11.1481 -10.6939   -14.3328 -23.2978
8.08  -11.1847 -10.6889   -14.3036 -23.3093
8.09  -11.2217 -10.684   -14.274 -23.3206
8.1  -11.2591 -10.6792   -14.244 -23.3319
8.11  -11.2968 -10.6745   -14.2137 -23.3431
8.12  -11.3348 -10.67   -14.183 -23.3541
8.13  -11.3732 -10.6655   -14.152 -23.365
8.14  -11.412 -10.6612   -14.1206 -23.3759
8.15  -11.4511 -10.6569   -14.0888 -23.3866
8.16  -11.4906 -10.6529   -14.0566 -23.3971
8.17  -11.5305 -10.6489   -14.0241 -23.4075
8.18  -11.5708 -10.6451   -13.9912 -23.4178
8.19  -11.6114 -10.6415   -13.9579 -23.4279
8.2  -11.6524 -10.638   -13.9242 -23.4379
8.21  -11.6937 -10.6346   -13.8901 -23.4477
8.22  -11.7355 -10.6315   -13.8557 -23.4574
8.23  -11.7776 -10.6285   -13.8208 -23.4669
8.24  -11.8201 -10.6256   -13.7856 -23.4762
8.25  -11.863 -10.623   -13.75 -23.4853
8.26  -11.9063 -10.6206   -13.714 -23.4943
8.27  -11.9499 -10.6183   -13.6776 -23.503
8.28  -11.994 -10.6163   -13.6408 -23.5115
8.29  -12.0384 -10.6144   -13.6036 -23.5199
8.3  -12.0833 -10.6128   -13.566 -23.528
8.31  -12.1285 -10.6114   -13.528 -23.5359
8.32  -12.1741 -10.6103   -13.4896 -23.5435
8.33  -12.2201 -10.6093   -13.4508 -23.551
8.34  -12.2665 -10.6087   -13.4116 -23.5581
8.35  -12.3133 -10.6082   -13.372 -23.5651
8.36  -12.3605 -10.6081   -13.332 -23.5717
8.37  -12.4081 -10.6082   -13.2916 -23.5781
8.38  -12.456 -10.6085   -13.2508 -23.5842
8.39  -12.5044 -10.6092   -13.2096 -23.5901
8.4  -12.5532 -10.6102   -13.168 -23.5956
8.41  -12.6023 -10.6114   -13.1259 -23.6009
8.42  -12.6519 -10.613   -13.0835 -23.6058
8.43  -12.7019 -10.6149   -13.0407 -23.6104
8.44  -12.7522 -10.617   -12.9975 -23.6147
8.45  -12.803 -10.6196   -12.9539 -23.6187
8.46  -12.8541 -10.6225   -12.9099 -23.6223
8.47  -12.9056 -10.6257   -12.8655 -23.6256
8.48  -12.9575 -10.6293   -12.8206 -23.6285
8.49  -13.0098 -10.6332   -12.7754 -23.6311
8.5  -13.0625 -10.6375   -12.7299 -23.6333
8.51  -13.1156 -10.6422   -12.6839 -23.6351
8.52  -13.169 -10.6473   -12.6375 -23.6365
8.53  -13.2229 -10.6528   -12.5907 -23.6375
8.54  -13.2771 -10.6588   -12.5436 -23.638
8.55  -13.3317 -10.6651   -12.4961 -23.6382
8.56  -13.3866 -10.6719   -12.4482 -23.6379
8.57  -13.442 -10.6791   -12.3999 -23.6372
8.58  -13.4976 -10.6867   -12.3513 -23.6361
8.59  -13.5537 -10.6948   -12.3023 -23.6345
8.6  -13.6101 -10.7034   -12.253 -23.6324
8.61  -13.6668 -10.7125   -12.2032 -23.6298
8.62  -13.724 -10.722   -12.1532 -23.6268
8.63  -13.7814 -10.7321   -12.1028 -23.6232
8.64  -13.8392 -10.7426   -12.052 -23.6192
8.65  -13.8973 -10.7537   -12.0009 -23.6146
8.66  -13.9557 -10.7653   -11.9495 -23.6095
8.67  -14.0145 -10.7774   -11.8978 -23.6039
8.68  -14.0736 -10.79   -11.8457 -23.5977
8.69  -14.133 -10.8033   -11.7933 -23.591
8.7  -14.1927 -10.817   -11.7407 -23.5837
8.71  -14.2527 -10.8314   -11.6877 -23.5758
8.72  -14.3129 -10.8463   -11.6344 -23.5674
8.73  -14.3735 -10.8619   -11.5809 -23.5584
8.74  -14.4343 -10.878   -11.5271 -23.5487
8.75  -14.4954 -10.8947   -11.473 -23.5385
8.76  -14.5568 -10.9121   -11.4187 -23.5276
8.77  -14.6183 -10.93   -11.3641 -23.5161
8.78  -14.6802 -10.9487   -11.3093 -23.504
8.79  -14.7422 -10.9679   -11.2542 -23.4912
8.8  -14.8045 -10.9878   -11.199 -23.4778
8.81  -14.867 -11.0084   -11.1435 -23.4637
8.82  -14.9297 -11.0297   -11.0878 -23.449
8.83  -14.9926 -11.0516   -11.032 -23.4336
8.84  -15.0556 -11.0742   -10.9759 -23.4174
8.85  -15.1188 -11.0975   -10.9197 -23.4006
8.86  -15.1822 -11.1215   -10.8634 -23.3831
8.87  -15.2457 -11.1462   -10.8069 -23.3649
8.88  -15.3094 -11.1716   -10.7503 -23.346
8.89  -15.3731 -11.1978   -10.6936 -23.3263
8.9  -15.437 -11.2247   -10.6367 -23.306
8.91  -15.5009 -11.2523   -10.5798 -23.2848
8.92  -15.565 -11.2806   -10.5228 -23.263
8.93  -15.6291 -11.3097   -10.4658 -23.2404
8.94  -15.6932 -11.3396   -10.4087 -23.217
8.95  -15.7574 -11.3702   -10.3515 -23.1929
8.96  -15.8216 -11.4016   -10.2944 -23.1681
8.97  -15.8859 -11.4338   -10.2373 -23.1424
8.98  -15.9501 -11.4667   -10.1801 -23.116
8.99  -16.0143 -11.5004   -10.123 -23.0889
9  -16.0784 -11.5348   -10.0659 -23.0609
9.01  -16.1425 -11.5701   -10.0089 -23.0322
9.02  -16.2065 -11.6061   -9.95202 -23.0027
9.03  -16.2705 -11.643   -9.89518 -22.9724
9.04  -16.3343 -11.6806   -9.83846 -22.9413
9.05  -16.3981 -11.719   -9.78186 -22.9094
9.06  -16.4616 -11.7582   -9.7254 -22.8768
9.07  -16.5251 -11.7982   -9.6691 -22.8434
9.08  -16.5884 -11.839   -9.61298 -22.8091
9.09  -16.6514 -11.8806   -9.55705 -22.7741
9.1  -16.7143 -11.9229   -9.50133 -22.7383
9.11  -16.777 -11.9661   -9.44584 -22.7017
9.12  -16.8394 -12.01   -9.39059 -22.6644
9.13  -16.9016 -12.0548   -9.33561 -22.6262
9.14  -16.9635 -12.1003   -9.28091 -22.5873
9.15  -17.0251 -12.1466   -9.2265 -22.5476
9.16  -17.0865 -12.1937   -9.17242 -22.5072
9.17  -17.1474 -12.2415   -9.11866 -22.4659
9.18  -17.2081 -12.2901   -9.06526 -22.424
9.19  -17.2684 -12.3395   -9.01222 -22.3812
9.2  -17.3283 -12.3896   -8.95958 -22.3377
9.21  -17.3878 -12.4405   -8.90733 -22.2935
9.22  -17.4469 -12.4922   -8.85551 -22.2485
9.23  -17.5056 -12.5445   -8.80412 -22.2029
9.24  -17.5639 -12.5976   -8.75319 -22.1565
9.25  -17.6217 -12.6514   -8.70273 -22.1094
9.26  -17.679 -12.7059   -8.65275 -22.0615
9.27  -17.7358 -12.7612   -8.60328 -22.013
9.28  -17.7921 -12.8171   -8.55434 -21.9639
9.29  -17.8479 -12.8737   -8.50593 -21.914
9.3  -17.9031 -12.9309   -8.45807 -21.8635
9.31  -17.9578 -12.9888   -8.41078 -21.8124
9.32  -18.0119 -13.0474   -8.36408 -21.7606
9.33  -18.0654 -13.1066   -8.31797 -21.7082
9.34  -18.1183 -13.1664   -8.27247 -21.6552
9.35  -18.1706 -13.2268   -8.22761 -21.6016
9.36  -18.2223 -13.2878   -8.18338 -21.5474
9.37  -18.2733 -13.3494   -8.13981 -21.4926
9.38  -18.3237 -13.4116   -8.09691 -21.4373
9.39  -18.3734 -13.4743   -8.05468 -21.3815
9.4  -18.4224 -13.5375   -8.01249 -21.3257
9.41  -18.4709 -13.6011   -7.9703 -21.2698
9.42  -18.5193 -13.6648   -7.92811 -21.2139
9.43  -18.5678 -13.7284   -7.88592 -21.1581
9.44  -18.6163 -13.7921   -7.84373 -21.1022
9.45  -18.6647 -13.8557   -7.80154 -21.0464
9.46  -18.7132 -13.9194   -7.75935 -20.9905
9.47  -18.7617 -13.983   -7.71716 -20.9347
9.48  -18.8102 -14.0466   -7.67497 -20.8788
9.49  -18.8586 -14.1103   -7.63278 -20.8229
9.5  -18.9071 -14.1739   -7.59059 -20.7671
9.51  -18.9556 -14.2376   -7.5484 -20.7112
9.52  -19.004 -14.3012   -7.50621 -20.6554
9.53  -19.0525 -14.3649   -7.46402 -20.5995
9.54  -19.101 -14.4285   -7.42183 -20.5437
9.55  -19.1495 -14.4922   -7.37964 -20.4878
9.56  -19.1979 -14.5558   -7.33745 -20.4319
9.57  -19.2464 -14.6194   -7.29526 -20.3761
9.58  -19.2949 -14.6831   -7.25307 -20.3202
9.59  -19.3433 -14.7467   -7.21088 -20.2644
9.6  -19.3918 -14.8104   -7.16869 -20.2085
9.61  -19.4403 -14.874   -7.1265 -20.1527
9.62  -19.4888 -14.9377   -7.08431 -20.0968
9.63  -19.5372 -15.0013   -7.04212 -20.041
9.64  -19.5857 -15.065   -6.99993 -19.9851
9.65  -19.6342 -15.1286   -6.95774 -19.9292
9.66  -19.6826 -15.1922   -6.91555 -19.8734
9.67  -19.7311 -15.2559   -6.87335 -19.8175
9.68  -19.7796 -15.3195   -6.83116 -19.7617
9.69  -19.828 -15.3832   -6.78897 -19.7058
9.7  -19.8765 -15.4468   -6.74678 -19.65
9.71  -19.925 -15.5105   -6.70459 -19.5941
9.72  -19.9735 -15.5741   -6.6624 -19.5382
9.73  -20.0219 -15.6377   -6.62021 -19.4824
9.74  -20.0704 -15.7014   -6.57802 -19.4265
9.75  -20.1189 -15.765   -6.53583 -19.3707
9.76  -20.1673 -15.8287   -6.49364 -19.3148
9.77  -20.2158 -15.8923   -6.45145 -19.259
9.78  -20.2643 -15.956   -6.40926 -19.2031
9.79  -20.3128 -16.0196   -6.36707 -19.1472
9.8  -20.3612 -16.0833   -6.32488 -19.0914
9.81  -20.4097 -16.1469   -6.28269 -19.0355
9.82  -20.4582 -16.2105   -6.2405 -18.9797
9.83  -20.5066 -16.2742   -6.19831 -18.9238
9.84  -20.5551 -16.3378   -6.15612 -18.868
9.85  -20.6036 -16.4015   -6.11393 -18.8121
9.86  -20.6521 -16.4651   -6.07174 -18.7562
9.87  -20.7005 -16.5288   -6.02955 -18.7004
9.88  -20.749 -16.5924   -5.98736 -18.6445
9.89  -20.7975 -16.6561   -5.94517 -18.5887
9.9  -20.8459 -16.7197   -5.90298 -18.5328
9.91  -20.8944 -16.7833   -5.86079 -18.477
9.92  -20.9429 -16.847   -5.8186 -18.4211
9.93  -20.9914 -16.9106   -5.77641 -18.3652
9.94  -21.0398 -16.9743   -5.73422 -18.3094
9.95  -21.0883 -17.0379   -5.69203 -18.2535
9.96  -21.1368 -17.1016   -5.64984 -18.1977
9.97  -21.1852 -17.1652   -5.60765 -18.1418
9.98  -21.2337 -17.2288   -5.56546 -18.086
9.99  -21.2822 -17.2925   -5.52327 -18.0301
10  -21.3306 -17.3561   -5.48107 -17.9742
10.01  -21.3791 -17.4198   -5.43888 -17.9184
10.02  -21.4276 -17.4834   -5.39669 -17.8625
10.03  -21.4761 -17.5471   -5.3545 -17.8067
10.04  -21.5245 -17.6107   -5.31231 -17.7508
10.05  -21.573 -17.6744   -5.27012 -17.695
10.06  -21.6215 -17.738   -5.22793 -17.6391
10.07  -21.6699 -17.8016   -5.18574 -17.5833
10.08  -21.7184 -17.8653   -5.14355 -17.5274
10.09  -21.7669 -17.9289   -5.10136 -17.4715
10.1  -21.8154 -17.9926   -5.05917 -17.4157
10.11  -21.8638 -18.0562   -5.01698 -17.3598
10.12  -21.9123 -18.1199   -4.97479 -17.304
10.13  -21.9608 -18.1835   -4.9326 -17.2481
10.14  -22.0092 -18.2472   -4.89041 -17.1923
10.15  -22.0577 -18.3108   -4.84822 -17.1364
10.16  -22.1062 -18.3744   -4.80603 -17.0805
10.17  -22.1547 -18.4381   -4.76384 -17.0247
10.18  -22.2031 -18.5017   -4.72165 -16.9688
10.19  -22.2516 -18.5654   -4.67946 -16.913
10.2  -22.3001 -18.629   -4.63727 -16.8571
10.21  -22.3485 -18.6927   -4.59508 -16.8013
10.22  -22.397 -18.7563   -4.55289 -16.7454
10.23  -22.4455 -18.82   -4.5107 -16.6895
10.24  -22.494 -18.8836   -4.46851 -16.6337
10.25  -22.5424 -18.9472   -4.42632 -16.5778
10.26  -22.5909 -19.0109   -4.38413 -16.522
10.27  -22.6394 -19.0745   -4.34194 -16.4661
10.28  -22.6878 -19.1382   -4.29975 -16.4103
10.29  -22.7363 -19.2018   -4.25756 -16.3544
10.3  -22.7848 -19.2655   -4.21537 -16.2985
10.31  -22.8332 -19.3291   -4.17318 -16.2427
10.32  -22.8817 -19.3927   -4.13098 -16.1868
10.33  -22.9302 -19.4564   -4.08879 -16.131
10.34  -22.9787 -19.52   -4.0466 -16.0751
10.35  -23.0271 -19.5837   -4.00441 -16.0193
10.36  -23.0756 -19.6473   -3.96222 -15.9634
10.37  -23.1241 -19.711   -3.92003 -15.9075
10.38  -23.1725 -19.7746   -3.87784 -15.8517
10.39  -23.221 -19.8383   -3.83565 -15.7958
10.4  -23.2695 -19.9019   -3.79346 -15.74
10.41  -23.318 -19.9655   -3.75127 -15.6841
10.42  -23.3664 -20.0292   -3.70908 -15.6283
10.43  -23.4149 -20.0928   -3.66689 -15.5724
10.44  -23.4634 -20.1565   -3.6247 -15.5166
10.45  -23.5118 -20.2201   -3.58251 -15.4607
10.46  -23.5603 -20.2838   -3.54032 -15.4048
10.47  -23.6088 -20.3474   -3.49813 -15.349
10.48  -23.6573 -20.4111   -3.45594 -15.2931
10.49  -23.7057 -20.4747   -3.41375 -15.2373
10.5  -23.7542 -20.5383   -3.37156 -15.1814
10.51  -23.8027 -20.602   -3.32937 -15.1256
10.52  -23.8511 -20.6656   -3.28718 -15.0697
10.53  -23.8996 -20.7293   -3.24499 -15.0138
10.54  -23.9481 -20.7929   -3.2028 -14.958
10.55  -23.9965 -20.8566   -3.16061 -14.9021
10.56  -24.045 -20.9202   -3.11842 -14.8463
10.57  -24.0935 -20.9838   -3.07623 -14.7904
10.58  -24.142 -21.0475   -3.03404 -14.7346
10.59  -24.1904 -21.1111   -2.99185 -14.6787
10.6  -24.2389 -21.1748   -2.94966 -14.6228
10.61  -24.2874 -21.2384   -2.90747 -14.567
10.62  -24.3358 -21.3021   -2.86528 -14.5111
10.63  -24.3843 -21.3657   -2.82309 -14.4553
10.64  -24.4328 -21.4294   -2.7809 -14.3994
10.65  -24.4813 -21.493   -2.7387 -14.3436
10.66  -24.5297 -21.5566   -2.69651 -14.2877
10.67  -24.5782 -21.6203   -2.65432 -14.2318
10.68  -24.6267 -21.6839   -2.61213 -14.176
10.69  -24.6751 -21.7476   -2.56994 -14.1201
10.7  -24.7236 -21.8112   -2.52775 -14.0643
10.71  -24.7721 -21.8749   -2.48556 -14.0084
10.72  -24.8206 -21.9385   -2.44337 -13.9526
10.73  -24.869 -22.0022   -2.40118 -13.8967
10.74  -24.9175 -22.0658   -2.35899 -13.8408
10.75  -24.966 -22.1294   -2.3168 -13.785
10.76  -25.0144 -22.1931   -2.27461 -13.7291
10.77  -25.0629 -22.2567   -2.23242 -13.6733
10.78  -25.1114 -22.3204   -2.19023 -13.6174
10.79  -25.1599 -22.384   -2.14804 -13.5616
10.8  -25.2083 -22.4477   -2.10585 -13.5057
10.81  -25.2568 -22.5113   -2.06366 -13.4499
10.82  -25.3053 -22.575   -2.02147 -13.394
10.83  -25.3537 -22.6386   -1.97928 -13.3381
10.84  -25.4022 -22.7022   -1.93709 -13.2823
10.85  -25.4507 -22.7659   -1.8949 -13.2264
10.86  -25.4991 -22.8295   -1.85271 -13.1706
10.87  -25.5476 -22.8932   -1.81052 -13.1147
10.88  -25.5961 -22.9568   -1.76833 -13.0589
10.89  -25.6446 -23.0205   -1.72614 -13.003
10.9  -25.693 -23.0841   -1.68395 -12.9471
10.91  -25.7415 -23.1477   -1.64176 -12.8913
10.92  -25.79 -23.2114   -1.59957 -12.8354
10.93  -25.8384 -23.275   -1.55738 -12.7796
10.94  -25.8869 -23.3387   -1.51519 -12.7237
10.95  -25.9354 -23.4023   -1.473 -12.6679
10.96  -25.9839 -23.466   -1.43081 -12.612
10.97  -26.0323 -23.5296   -1.38862 -12.5561
10.98  -26.0808 -23.5933   -1.34642 -12.5003
10.99  -26.1293 -23.6569   -1.30423 -12.4444
11  -26.1777 -23.7205   -1.26204 -12.3886
11.01  -26.2262 -23.7842   -1.21985 -12.3327
11.02  -26.2747 -23.8478   -1.17766 -12.2769
11.03  -26.3232 -23.9115   -1.13547 -12.221
11.04  -26.3716 -23.9751   -1.09328 -12.1651
11.05  -26.4201 -24.0388   -1.05109 -12.1093
11.06  -26.4686 -24.1024   -1.0089 -12.0534
11.07  -26.517 -24.1661   -0.966712 -11.9976
11.08  -26.5655 -24.2297   -0.924522 -11.9417
11.09  -26.614 -24.2933   -0.882331 -11.8859
11.1  -26.6625 -24.357   -0.840141 -11.83
11.11  -26.7109 -24.4206   -0.797951 -11.7741
11.12  -26.7594 -24.4843   -0.75576 -11.7183
11.13  -26.8079 -24.5479   -0.71357 -11.6624
11.14  -26.8563 -24.6116   -0.67138 -11.6066
11.15  -26.9048 -24.6752   -0.629189 -11.5507
11.16  -26.9533 -24.7388   -0.586999 -11.4949
11.17  -27.0017 -24.8025   -0.544809 -11.439
11.18  -27.0502 -24.8661   -0.502619 -11.3832
11.19  -27.0987 -24.9298   -0.460428 -11.3273
11.2  -27.1472 -24.9934   -0.418238 -11.2714
11.21  -27.1956 -25.0571   -0.376048 -11.2156
11.22  -27.2441 -25.1207   -0.333857 -11.1597
11.23  -27.2926 -25.1844   -0.291667 -11.1039
11.24  -27.341 -25.248   -0.249477 -11.048
11.25  -27.3895 -25.3116   -0.207286 -10.9922
11.26  -27.438 -25.3753   -0.165096 -10.9363
11.27  -27.4865 -25.4389   -0.122906 -10.8804
11.28  -27.5349 -25.5026   -0.0807155 -10.8246
11.29  -27.5834 -25.5662   -0.0385252 -10.7687
11.3  -27.6319 -25.6299   0.00366511 -10.7129
11.31  -27.6803 -25.6935   0.0458554 -10.657
11.32  -27.7288 -25.7572   0.0880457 -10.6012
11.33  -27.7773 -25.8208   0.130236 -10.5453
11.34  -27.8258 -25.8844   0.172426 -10.4894
11.35  -27.8742 -25.9481   0.214617 -10.4336
11.36  -27.9227 -26.0117   0.256807 -10.3777
11.37  -27.9712 -26.0754   0.298997 -10.3219
11.38  -28.0196 -26.139   0.341188 -10.266
11.39  -28.0681 -26.2027   0.383378 -10.2102
11.4  -28.1166 -26.2663   0.425568 -10.1543
11.41  -28.1651 -26.33   0.467758 -10.0984
11.42  -28.2135 -26.3936   0.509949 -10.0426
11.43  -28.262 -26.4572   0.552139 -9.98673
11.44  -28.3105 -26.5209   0.594329 -9.93088
11.45  -28.3589 -26.5845   0.63652 -9.87502
11.46  -28.4074 -26.6482   0.67871 -9.81916
11.47  -28.4559 -26.7118   0.7209 -9.76331
11.48  -28.5043 -26.7755   0.763091 -9.70745
11.49  -28.5528 -26.8391   0.805281 -9.65159
11.5  -28.6013 -26.9027   0.847471 -9.59574
11.51  -28.6498 -26.9664   0.889662 -9.53988
11.52  -28.6982 -27.03   0.931852 -9.48402
11.53  -28.7467 -27.0937   0.974042 -9.42817
11.54  -28.7952 -27.1573   1.01623 -9.37231
11.55  -28.8436 -27.221   1.05842 -9.31645
11.56  -28.8921 -27.2846   1.10061 -9.26059
11.57  -28.9406 -27.3483   1.1428 -9.20474
11.58  -28.9891 -27.4119   1.18499 -9.14888
11.59  -29.0375 -27.4755   1.22718 -9.09302
11.6  -29.086 -27.5392   1.26937 -9.03717
11.61  -29.1345 -27.6028   1.31156 -8.98131
11.62  -29.1829 -27.6665   1.35375 -8.92545
11.63  -29.2314 -27.7301   1.39595 -8.8696
11.64  -29.2799 -27.7938   1.43814 -8.81374
11.65  -29.3284 -27.8574   1.48033 -8.75788
11.66  -29.3768 -27.9211   1.52252 -8.70203
11.67  -29.4253 -27.9847   1.56471 -8.64617
11.68  -29.4738 -28.0483   1.6069 -8.59031
11.69  -29.5222 -28.112   1.64909 -8.53446
11.7  -29.5707 -28.1756   1.69128 -8.4786
11.71  -29.6192 -28.2393   1.73347 -8.42274
11.72  -29.6677 -28.3029   1.77566 -8.36689
11.73  -29.7161 -28.3666   1.81785 -8.31103
11.74  -29.7646 -28.4302   1.86004 -8.25517
11.75  -29.8131 -28.4938   1.90223 -8.19932
11.76  -29.8615 -28.5575   1.94442 -8.14346
11.77  -29.91 -28.6211   1.98661 -8.0876
11.78  -29.9585 -28.6848   2.0288 -8.03175
11.79  -30.0069 -28.7484   2.07099 -7.97589
11.8  -30.0554 -28.8121   2.11318 -7.92003
11.81  -30.1039 -28.8757   2.15537 -7.86418
11.82  -30.1524 -28.9394   2.19756 -7.80832
11.83  -30.2008 -29.003   2.23975 -7.75246
11.84  -30.2493 -29.0666   2.28194 -7.69661
11.85  -30.2978 -29.1303   2.32413 -7.64075
11.86  -30.3462 -29.1939   2.36632 -7.58489
11.87  -30.3947 -29.2576   2.40851 -7.52904
11.88  -30.4432 -29.3212   2.4507 -7.47318
11.89  -30.4917 -29.3849   2.49289 -7.41732
11.9  -30.5401 -29.4485   2.53508 -7.36146
11.91  -30.5886 -29.5122   2.57727 -7.30561
11.92  -30.6371 -29.5758   2.61946 -7.24975
11.93  -30.6855 -29.6394   2.66165 -7.19389
11.94  -30.734 -29.7031   2.70384 -7.13804
11.95  -30.7825 -29.7667   2.74604 -7.08218
11.96  -30.831 -29.8304   2.78823 -7.02632
11.97  -30.8794 -29.894   2.83042 -6.97047
11.98  -30.9279 -29.9577   2.87261 -6.91461
11.99  -30.9764 -30.0213   2.9148 -6.85875
12  -31.0248 -30.0849   2.95699 -6.8029
12.01  -31.0733 -30.1486   2.99918 -6.74704
12.02  -31.1218 -30.2122   3.04137 -6.69118
12.03  -31.1703 -30.2759   3.08356 -6.63533
12.04  -31.2187 -30.3395   3.12575 -6.57947
12.05  -31.2672 -30.4032   3.16794 -6.52361
12.06  -31.3157 -30.4668   3.21013 -6.46776
12.07  -31.3641 -30.5305   3.25232 -6.4119
12.08  -31.4126 -30.5941   3.29451 -6.35604
12.09  -31.4611 -30.6577   3.3367 -6.30019
12.1  -31.5095 -30.7214   3.37889 -6.24433
12.11  -31.558 -30.785   3.42108 -6.18847
12.12  -31.6065 -30.8487   3.46327 -6.13262
12.13  -31.655 -30.9123   3.50546 -6.07676
12.14  -31.7034 -30.976   3.54765 -6.0209
12.15  -31.7519 -31.0396   3.58984 -5.96505
12.16  -31.8004 -31.1033   3.63203 -5.90919
12.17  -31.8488 -31.1669   3.67422 -5.85333
12.18  -31.8973 -31.2305   3.71641 -5.79748
12.19  -31.9458 -31.2942   3.7586 -5.74162
12.2  -31.9943 -31.3578   3.80079 -5.68576
12.21  -32.0427 -31.4215   3.84298 -5.62991
12.22  -32.0912 -31.4851   3.88517 -5.57405
12.23  -32.1397 -31.5488   3.92736 -5.51819
12.24  -32.1881 -31.6124   3.96955 -5.46233
12.25  -32.2366 -31.6761   4.01174 -5.40648
12.26  -32.2851 -31.7397   4.05393 -5.35062
12.27  -32.3336 -31.8033   4.09612 -5.29476
12.28  -32.382 -31.867   4.13832 -5.23891
12.29  -32.4305 -31.9306   4.18051 -5.18305
12.3  -32.479 -31.9943   4.2227 -5.12719
12.31  -32.5274 -32.0579   4.26489 -5.07134
12.32  -32.5759 -32.1216   4.30708 -5.01548
12.33  -32.6244 -32.1852   4.34927 -4.95962
12.34  -32.6729 -32.2488   4.39146 -4.90377
12.35  -32.7213 -32.3125   4.43365 -4.84791
12.36  -32.7698 -32.3761   4.47584 -4.79205
12.37  -32.8183 -32.4398   4.51803 -4.7362
12.38  -32.8667 -32.5034   4.56022 -4.68034
12.39  -32.9152 -32.5671   4.60241 -4.62448
12.4  -32.9637 -32.6307   4.6446 -4.56863
12.41  -33.0121 -32.6944   4.68679 -4.51277
12.42  -33.0606 -32.758   4.72898 -4.45691
12.43  -33.1091 -32.8216   4.77117 -4.40106
12.44  -33.1576 -32.8853   4.81336 -4.3452
12.45  -33.206 -32.9489   4.85555 -4.28934
12.46  -33.2545 -33.0126   4.89774 -4.23349
12.47  -33.303 -33.0762   4.93993 -4.17763
12.48  -33.3514 -33.1399   4.98212 -4.12177
12.49  -33.3999 -33.2035   5.02431 -4.06592
12.5  -33.4484 -33.2672   5.0665 -4.01006
12.51  -33.4969 -33.3308   5.10869 -3.9542
12.52  -33.5453 -33.3944   5.15088 -3.89835
12.53  -33.5938 -33.4581   5.19307 -3.84249
12.54  -33.6423 -33.5217   5.23526 -3.78663
12.55  -33.6907 -33.5854   5.27745 -3.73078
12.56  -33.7392 -33.649   5.31964 -3.67492
12.57  -33.7877 -33.7127   5.36183 -3.61906
12.58  -33.8362 -33.7763   5.40402 -3.5632
12.59  -33.8846 -33.8399   5.44621 -3.50735
12.6  -33.9331 -33.9036   5.4884 -3.45149
12.61  -33.9816 -33.9672   5.5306 -3.39563
12.62  -34.03 -34.0309   5.57279 -3.33978
12.63  -34.0785 -34.0945   5.61498 -3.28392
12.64  -34.127 -34.1582   5.65717 -3.22806
12.65  -34.1755 -34.2218   5.69936 -3.17221
12.66  -34.2239 -34.2855   5.74155 -3.11635
12.67  -34.2724 -34.3491   5.78374 -3.06049
12.68  -34.3209 -34.4127   5.82593 -3.00464
12.69  -34.3693 -34.4764   5.86812 -2.94878
12.7  -34.4178 -34.54   5.91031 -2.89292
12.71  -34.4663 -34.6037   5.9525 -2.83707
12.72  -34.5147 -34.6673   5.99469 -2.78121
12.73  -34.5632 -34.731   6.03688 -2.72535
12.74  -34.6117 -34.7946   6.07907 -2.6695
12.75  -34.6602 -34.8583   6.12126 -2.61364
12.76  -34.7086 -34.9219   6.16345 -2.55778
12.77  -34.7571 -34.9855   6.20564 -2.50193
12.78  -34.8056 -35.0492   6.24783 -2.44607
12.79  -34.854 -35.1128   6.29002 -2.39021
12.8  -34.9025 -35.1765   6.33221 -2.33436
12.81  -34.951 -35.2401   6.3744 -2.2785
12.82  -34.9995 -35.3038   6.41659 -2.22264
12.83  -35.0479 -35.3674   6.45878 -2.16679
12.84  -35.0964 -35.4311   6.50097 -2.11093
12.85  -35.1449 -35.4947   6.54316 -2.05507
12.86  -35.1933 -35.5583   6.58535 -1.99922
12.87  -35.2418 -35.622   6.62754 -1.94336
12.88  -35.2903 -35.6856   6.66973 -1.8875
12.89  -35.3388 -35.7493   6.71192 -1.83165
12.9  -35.3872 -35.8129   6.75411 -1.77579
12.91  -35.4357 -35.8766   6.7963 -1.71993
12.92  -35.4842 -35.9402   6.83849 -1.66407
12.93  -35.5326 -36.0038   6.88069 -1.60822
12.94  -35.5811 -36.0675   6.92288 -1.55236
12.95  -35.6296 -36.1311   6.96507 -1.4965
12.96  -35.6781 -36.1948   7.00726 -1.44065
12.97  -35.7265 -36.2584   7.04945 -1.38479
12.98  -35.775 -36.3221   7.09164 -1.32893
12.99  -35.8235 -36.3857   7.13383 -1.27308
13  -35.8719 -36.4494   7.17602 -1.21722
13.01  -35.9204 -36.513   7.21821 -1.16136
13.02  -35.9689 -36.5766   7.2604 -1.10551
13.03  -36.0173 -36.6403   7.30259 -1.04965
13.04  -36.0658 -36.7039   7.34478 -0.993794
13.05  -36.1143 -36.7676   7.38697 -0.937937
13.06  -36.1628 -36.8312   7.42916 -0.88208
13.07  -36.2112 -36.8949   7.47135 -0.826223
13.08  -36.2597 -36.9585   7.51354 -0.770367
13.09  -36.3082 -37.0222   7.55573 -0.71451
13.1  -36.3566 -37.0858   7.59792 -0.658653
13.11  -36.4051 -37.1494   7.64011 -0.602796
13.12  -36.4536 -37.2131   7.6823 -0.54694
13.13  -36.5021 -37.2767   7.72449 -0.491083
13.14  -36.5505 -37.3404   7.76668 -0.435226
13.15  -36.599 -37.404   7.80887 -0.379369
13.16  -36.6475 -37.4677   7.85106 -0.323513
13.17  -36.6959 -37.5313   7.89325 -0.267656
13.18  -36.7444 -37.5949   7.93544 -0.211799
13.19  -36.7929 -37.6586   7.97763 -0.155942
13.2  -36.8414 -37.7222   8.01982 -0.100086
13.21  -36.8898 -37.7859   8.06201 -0.0442288
13.22  -36.9383 -37.8495   8.1042 0.011628
13.23  -36.9868 -37.9132   8.14639 0.0674847
13.24  -37.0352 -37.9768   8.18858 0.123342
13.25  -37.0837 -38.0405   8.23077 0.179198
13.26  -37.1322 -38.1041   8.27297 0.235055
13.27  -37.1806 -38.1677   8.31516 0.290912
13.28  -37.2291 -38.2314   8.35735 0.346769
13.29  -37.2776 -38.295   8.39954 0.402625
13.3  -37.3261 -38.3587   8.44173 0.458482
13.31  -37.3745 -38.4223   8.48392 0.514339
13.32  -37.423 -38.486   8.52611 0.570196
13.33  -37.4715 -38.5496   8.5683 0.626052
13.34  -37.5199 -38.6133   8.61049 0.681909
13.35  -37.5684 -38.6769   8.65268 0.737766
13.36  -37.6169 -38.7405   8.69487 0.793623
13.37  -37.6654 -38.8042   8.73706 0.849479
13.38  -37.7138 -38.8678   8.77925 0.905336
13.39  -37.7623 -38.9315   8.82144 0.961193
13.4  -37.8108 -38.9951   8.86363 1.01705
13.41  -37.8592 -39.0588   8.90582 1.07291
13.42  -37.9077 -39.1224   8.94801 1.12876
13.43  -37.9562 -39.1861   8.9902 1.18462
13.44  -38.0047 -39.2497   9.03239 1.24048
13.45  -38.0531 -39.3133   9.07458 1.29633
13.46  -38.1016 -39.377   9.11677 1.35219
13.47  -38.1501 -39.4406   9.15896 1.40805
13.48  -38.1985 -39.5043   9.20115 1.4639
13.49  -38.247 -39.5679   9.24334 1.51976
13.5  -38.2955 -39.6316   9.28553 1.57562
13.51  -38.344 -39.6952   9.32772 1.63147
13.52  -38.3924 -39.7588   9.36991 1.68733
13.53  -38.4409 -39.8225   9.4121 1.74319
13.54  -38.4894 -39.8861   9.45429 1.79904
13.55  -38.5378 -39.9498   9.49648 1.8549
13.56  -38.5863 -40.0134   9.53867 1.91076
13.57  -38.6348 -40.0771   9.58086 1.96661
13.58  -38.6832 -40.1407   9.62305 2.02247
13.59  -38.7317 -40.2044   9.66525 2.07833
13.6  -38.7802 -40.268   9.70744 2.13418
13.61  -38.8287 -40.3316   9.74963 2.19004
13.62  -38.8771 -40.3953   9.79182 2.2459
13.63  -38.9256 -40.4589   9.83401 2.30176
13.64  -38.9741 -40.5226   9.8762 2.35761
13.65  -39.0225 -40.5862   9.91839 2.41347
13.66  -39.071 -40.6499   9.96058 2.46933
13.67  -39.1195 -40.7135   10.0028 2.52518
13.68  -39.168 -40.7772   10.045 2.58104
13.69  -39.2164 -40.8408   10.0871 2.6369
13.7  -39.2649 -40.9044   10.1293 2.69275
13.71  -39.3134 -40.9681   10.1715 2.74861
13.72  -39.3618 -41.0317   10.2137 2.80447
13.73  -39.4103 -41.0954   10.2559 2.86032
13.74  -39.4588 -41.159   10.2981 2.91618
13.75  -39.5073 -41.2227   10.3403 2.97204
13.76  -39.5557 -41.2863   10.3825 3.02789
13.77  -39.6042 -41.3499   10.4247 3.08375
13.78  -39.6527 -41.4136   10.4669 3.13961
13.79  -39.7011 -41.4772   10.5091 3.19546
13.8  -39.7496 -41.5409   10.5512 3.25132
13.81  -39.7981 -41.6045   10.5934 3.30718
13.82  -39.8466 -41.6682   10.6356 3.36303
13.83  -39.895 -41.7318   10.6778 3.41889
13.84  -39.9435 -41.7955   10.72 3.47475
13.85  -39.992 -41.8591   10.7622 3.5306
13.86  -40.0404 -41.9227   10.8044 3.58646
13.87  -40.0889 -41.9864   10.8466 3.64232
13.88  -40.1374 -42.05   10.8888 3.69817
13.89  -40.1858 -42.1137   10.931 3.75403
13.9  -40.2343 -42.1773   10.9731 3.80989
13.91  -40.2828 -42.241   11.0153 3.86574
13.92  -40.3313 -42.3046   11.0575 3.9216
13.93  -40.3797 -42.3683   11.0997 3.97746
13.94  -40.4282 -42.4319   11.1419 4.03331
13.95  -40.4767 -42.4955   11.1841 4.08917
13.96  -40.5251 -42.5592   11.2263 4.14503
13.97  -40.5736 -42.6228   11.2685 4.20089
13.98  -40.6221 -42.6865   11.3107 4.25674
13.99  -40.6706 -42.7501   11.3529 4.3126
14  -40.719 -42.8138   11.395 4.36846
14.01  -40.7675 -42.8774   11.4372 4.42431
14.02  -40.816 -42.941   11.4794 4.48017
14.03  -40.8644 -43.0047   11.5216 4.53603
14.04  -40.9129 -43.0683   11.5638 4.59188
14.05  -40.9614 -43.132   11.606 4.64774
14.06  -41.0099 -43.1956   11.6482 4.7036
14.07  -41.0583 -43.2593   11.6904 4.75945
14.08  -41.1068 -43.3229   11.7326 4.81531
14.09  -41.1553 -43.3866   11.7748 4.87117
14.1  -41.2037 -43.4502   11.817 4.92702
14.11  -41.2522 -43.5138   11.8591 4.98288
14.12  -41.3007 -43.5775   11.9013 5.03874
14.13  -41.3492 -43.6411   11.9435 5.09459
14.14  -41.3976 -43.7048   11.9857 5.15045
14.15  -41.4461 -43.7684   12.0279 5.20631
14.16  -41.4946 -43.8321   12.0701 5.26216
14.17  -41.543 -43.8957   12.1123 5.31802
14.18  -41.5915 -43.9594   12.1545 5.37388
14.19  -41.64 -44.023   12.1967 5.42973
14.2  -41.6884 -44.0866   12.2389 5.48559
14.21  -41.7369 -44.1503   12.281 5.54145
14.22  -41.7854 -44.2139   12.3232 5.5973
14.23  -41.8339 -44.2776   12.3654 5.65316
14.24  -41.8823 -44.3412   12.4076 5.70902
14.25  -41.9308 -44.4049   12.4498 5.76487
14.26  -41.9793 -44.4685   12.492 5.82073
14.27  -42.0277 -44.5322   12.5342 5.87659
14.28  -42.0762 -44.5958   12.5764 5.93244
14.29  -42.1247 -44.6594   12.6186 5.9883
14.3  -42.1732 -44.7231   12.6608 6.04416
14.31  -42.2216 -44.7867   12.7029 6.10002
14.32  -42.2701 -44.8504   12.7451 6.15587
14.33  -42.3186 -44.914   12.7873 6.21173
14.34  -42.367 -44.9777   12.8295 6.26759
14.35  -42.4155 -45.0413   12.8717 6.32344
14.36  -42.464 -45.1049   12.9139 6.3793
14.37  -42.5125 -45.1686   12.9561 6.43516
14.38  -42.5609 -45.2322   12.9983 6.49101
14.39  -42.6094 -45.2959   13.0405 6.54687
14.4  -42.6579 -45.3595   13.0827 6.60273
14.41  -42.7063 -45.4232   13.1249 6.65858
14.42  -42.7548 -45.4868   13.167 6.71444
14.43  -42.8033 -45.5505   13.2092 6.7703
14.44  -42.8518 -45.6141   13.2514 6.82615
14.45  -42.9002 -45.6777   13.2936 6.88201
14.46  -42.9487 -45.7414   13.3358 6.93787
14.47  -42.9972 -45.805   13.378 6.99372
14.48  -43.0456 -45.8687   13.4202 7.04958
14.49  -43.0941 -45.9323   13.4624 7.10544
14.5  -43.1426 -45.996   13.5046 7.16129
14.51  -43.191 -46.0596   13.5468 7.21715
14.52  -43.2395 -46.1233   13.5889 7.27301
14.53  -43.288 -46.1869   13.6311 7.32886
14.54  -43.3365 -46.2505   13.6733 7.38472
14.55  -43.3849 -46.3142   13.7155 7.44058
14.56  -43.4334 -46.3778   13.7577 7.49643
14.57  -43.4819 -46.4415   13.7999 7.55229
14.58  -43.5303 -46.5051   13.8421 7.60815
14.59  -43.5788 -46.5688   13.8843 7.664
14.6  -43.6273 -46.6324   13.9265 7.71986
14.61  -43.6758 -46.696   13.9687 7.77572
14.62  -43.7242 -46.7597   14.0108 7.83157
14.63  -43.7727 -46.8233   14.053 7.88743
14.64  -43.8212 -46.887   14.0952 7.94329
14.65  -43.8696 -46.9506   14.1374 7.99915
14.66  -43.9181 -47.0143   14.1796 8.055
14.67  -43.9666 -47.0779   14.2218 8.11086
14.68  -44.0151 -47.1416   14.264 8.16672
14.69  -44.0635 -47.2052   14.3062 8.22257
14.7  -44.112 -47.2688   14.3484 8.27843
14.71  -44.1605 -47.3325   14.3906 8.33429
14.72  -44.2089 -47.3961   14.4327 8.39014
14.73  -44.2574 -47.4598   14.4749 8.446
14.74  -44.3059 -47.5234   14.5171 8.50186
14.75  -44.3544 -47.5871   14.5593 8.55771
14.76  -44.4028 -47.6507   14.6015 8.61357
14.77  -44.4513 -47.7144   14.6437 8.66943
14.78  -44.4998 -47.778   14.6859 8.72528
14.79  -44.5482 -47.8416   14.7281 8.78114
14.8  -44.5967 -47.9053   14.7703 8.837
14.81  -44.6452 -47.9689   14.8125 8.89285
14.82  -44.6936 -48.0326   14.8547 8.94871
14.83  -44.7421 -48.0962   14.8968 9.00457
14.84  -44.7906 -48.1599   14.939 9.06042
14.85  -44.8391 -48.2235   14.9812 9.11628
14.86  -44.8875 -48.2872   15.0234 9.17214
14.87  -44.936 -48.3508   15.0656 9.22799
14.88  -44.9845 -48.4144   15.1078 9.28385
14.89  -45.0329 -48.4781   15.15 9.33971
14.9  -45.0814 -48.5417   15.1922 9.39556
14.91  -45.1299 -48.6054   15.2344 9.45142
14.92  -45.1784 -48.669   15.2766 9.50728
14.93  -45.2266 -48.7323   15.3187 9.56313
14.94  -45.2743 -48.795   15.3609 9.61899
14.95  -45.3216 -48.8571   15.4031 9.67485
14.96  -45.3683 -48.9185   15.4453 9.7307
14.97  -45.4147 -48.9793   15.4875 9.78656
14.98  -45.4605 -49.0395   15.5297 9.84242
14.99  -45.5059 -49.0991   15.5719 9.89828
15  -45.5509 -49.1581   15.6141 9.95413
15.01  -45.5953 -49.2165   15.6563 10.01
15.02  -45.6394 -49.2744   15.6985 10.0658
15.03  -45.683 -49.3316   15.7406 10.1217
15.04  -45.7262 -49.3883   15.7828 10.1776
15.05  -45.7689 -49.4444   15.825 10.2334
15.06  -45.8112 -49.5   15.8672 10.2893
15.07  -45.8531 -49.555   15.9094 10.3451
15.08  -45.8946 -49.6094   15.9516 10.401
15.09  -45.9356 -49.6633   15.9938 10.4568
15.1  -45.9763 -49.7167   16.036 10.5127
15.11  -46.0165 -49.7695   16.0782 10.5686
15.12  -46.0563 -49.8218   16.1204 10.6244
15.13  -46.0958 -49.8736   16.1626 10.6803
15.14  -46.1348 -49.9249   16.2047 10.7361
15.15  -46.1735 -49.9756   16.2469 10.792
15.16  -46.2117 -50.0259   16.2891 10.8478
15.17  -46.2496 -50.0756   16.3313 10.9037
15.18  -46.2871 -50.1249   16.3735 10.9596
15.19  -46.3243 -50.1736   16.4157 11.0154
15.2  -46.361 -50.2219   16.4579 11.0713
15.21  -46.3974 -50.2697   16.5001 11.1271
15.22  -46.4334 -50.317   16.5423 11.183
15.23  -46.4691 -50.3638   16.5845 11.2388
15.24  -46.5044 -50.4102   16.6266 11.2947
15.25  -46.5394 -50.4561   16.6688 11.3506
15.26  -46.574 -50.5015   16.711 11.4064
15.27  -46.6082 -50.5465   16.7532 11.4623
15.28  -46.6421 -50.591   16.7954 11.5181
15.29  -46.6757 -50.6351   16.8376 11.574
15.3  -46.709 -50.6788   16.8798 11.6298
15.31  -46.7419 -50.722   16.922 11.6857
15.32  -46.7745 -50.7647   16.9642 11.7415
15.33  -46.8067 -50.8071   17.0064 11.7974
15.34  -46.8386 -50.849   17.0485 11.8533
15.35  -46.8703 -50.8905   17.0907 11.9091
15.36  -46.9016 -50.9316   17.1329 11.965
15.37  -46.9325 -50.9723   17.1751 12.0208
15.38  -46.9632 -51.0126   17.2173 12.0767
15.39  -46.9936 -51.0525   17.2595 12.1325
15.4  -47.0236 -51.0919   17.3017 12.1884
15.41  -47.0534 -51.131   17.3439 12.2443
15.42  -47.0829 -51.1697   17.3861 12.3001
15.43  -47.112 -51.208   17.4283 12.356
15.44  -47.1409 -51.2459   17.4705 12.4118
15.45  -47.1695 -51.2835   17.5126 12.4677
15.46  -47.1978 -51.3206   17.5548 12.5235
15.47  -47.2258 -51.3574   17.597 12.5794
15.48  -47.2536 -51.3939   17.6392 12.6353
15.49  -47.2811 -51.4299   17.6814 12.6911
15.5  -47.3082 -51.4656   17.7236 12.747
15.51  -47.3352 -51.501   17.7658 12.8028
15.52  -47.3618 -51.536   17.808 12.8587
15.53  -47.3882 -51.5706   17.8502 12.9145
15.54  -47.4143 -51.6049   17.8924 12.9704
15.55  -47.4402 -51.6388   17.9345 13.0263
15.56  -47.4658 -51.6725   17.9767 13.0821
15.57  -47.4911 -51.7057   18.0189 13.138
15.58  -47.5162 -51.7387   18.0611 13.1938
15.59  -47.541 -51.7713   18.1033 13.2497
15.6  -47.5656 -51.8036   18.1455 13.3055
15.61  -47.59 -51.8355   18.1877 13.3614
15.62  -47.6141 -51.8672   18.2299 13.4173
15.63  -47.6379 -51.8985   18.2721 13.4731
15.64  -47.6615 -51.9295   18.3143 13.529
15.65  -47.6849 -51.9602   18.3564 13.5848
15.66  -47.7081 -51.9906   18.3986 13.6407
15.67  -47.731 -52.0207   18.4408 13.6965
15.68  -47.7537 -52.0505   18.483 13.7524
15.69  -47.7762 -52.08   18.5252 13.8082
15.7  -47.7984 -52.1092   18.5674 13.8641
15.71  -47.8204 -52.1381   18.6096 13.92
15.72  -47.8422 -52.1667   18.6518 13.9758
15.73  -47.8638 -52.1951   18.694 14.0317
15.74  -47.8851 -52.2231   18.7362 14.0875
15.75  -47.9063 -52.2509   18.7784 14.1434
15.76  -47.9272 -52.2784   18.8205 14.1992
15.77  -47.948 -52.3056   18.8627 14.2551
15.78  -47.9685 -52.3325   18.9049 14.311
15.79  -47.9888 -52.3592   18.9471 14.3668
15.8  -48.0089 -52.3856   18.9893 14.4227
15.81  -48.0288 -52.4118   19.0315 14.4785
15.82  -48.0485 -52.4376   19.0737 14.5344
15.83  -48.068 -52.4633   19.1159 14.5902
15.84  -48.0874 -52.4886   19.1581 14.6461
15.85  -48.1065 -52.5138   19.2003 14.702
15.86  -48.1254 -52.5386   19.2424 14.7578
15.87  -48.1442 -52.5632   19.2846 14.8137
15.88  -48.1627 -52.5876   19.3268 14.8695
15.89  -48.1811 -52.6117   19.369 14.9254
15.9  -48.1993 -52.6356   19.4112 14.9812
15.91  -48.2173 -52.6592   19.4534 15.0371
15.92  -48.2351 -52.6827   19.4956 15.093
15.93  -48.2528 -52.7058   19.5378 15.1488
15.94  -48.2702 -52.7288   19.58 15.2047
15.95  -48.2875 -52.7515   19.6222 15.2605
15.96  -48.3047 -52.774   19.6643 15.3164
15.97  -48.3216 -52.7962   19.7065 15.3722
15.98  -48.3384 -52.8183   19.7487 15.4281
15.99  -48.355 -52.8401   19.7909 15.484
16  -48.3715 -52.8617   19.8331 15.5398
16.01  -48.3878 -52.8831   19.8753 15.5957
16.02  -48.4039 -52.9042   19.9175 15.6515
16.03  -48.4198 -52.9252   19.9597 15.7074
16.04  -48.4356 -52.9459   20.0019 15.7632
16.05  -48.4513 -52.9665   20.0441 15.8191
16.06  -48.4668 -52.9868   20.0863 15.8749
16.07  -48.4821 -53.0069   20.1284 15.9308
16.08  -48.4973 -53.0269   20.1706 15.9867
16.09  -48.5123 -53.0466   20.2128 16.0425
16.1  -48.5272 -53.0661   20.255 16.0984
16.11  -48.5419 -53.0855   20.2972 16.1542
16.12  -48.5565 -53.1046   20.3394 16.2101
16.13  -48.5709 -53.1236   20.3816 16.2659
16.14  -48.5852 -53.1423   20.4238 16.3218
16.15  -48.5994 -53.1609   20.466 16.3777
16.16  -48.6134 -53.1793   20.5082 16.4335
16.17  -48.6272 -53.1975   20.5503 16.4894
16.18  -48.641 -53.2155   20.5925 16.5452
16.19  -48.6546 -53.2334   20.6347 16.6011
16.2  -48.668 -53.2511   20.6769 16.6569
16.21  -48.6813 -53.2685   20.7191 16.7128
16.22  -48.6945 -53.2859   20.7613 16.7687
16.23  -48.7076 -53.303   20.8035 16.8245
16.24  -48.7205 -53.32   20.8457 16.8804
16.25  -48.7333 -53.3368   20.8879 16.9362
16.26  -48.746 -53.3534   20.9301 16.9921
16.27  -48.7585 -53.3699   20.9722 17.0479
16.28  -48.7709 -53.3862   21.0144 17.1038
16.29  -48.7832 -53.4023   21.0566 17.1597
16.3  -48.7954 -53.4183   21.0988 17.2155
16.31  -48.8074 -53.4341   21.141 17.2714
16.32  -48.8193 -53.4498   21.1832 17.3272
16.33  -48.8312 -53.4653   21.2254 17.3831
16.34  -48.8428 -53.4806   21.2676 17.4389
16.35  -48.8544 -53.4958   21.3098 17.4948
16.36  -48.8659 -53.5108   21.352 17.5507
16.37  -48.8772 -53.5257   21.3942 17.6065
16.38  -48.8884 -53.5405   21.4363 17.6624
16.39  -48.8996 -53.5551   21.4785 17.7182
16.4  -48.9106 -53.5695   21.5207 17.7741
16.41  -48.9215 -53.5838   21.5629 17.8299
16.42  -48.9322 -53.598   21.6051 17.8858
16.43  -48.9429 -53.612   21.6473 17.9416
16.44  -48.9535 -53.6259   21.6895 17.9975
16.45  -48.964 -53.6396   21.7317 18.0534
16.46  -48.9743 -53.6532   21.7739 18.1092
16.47  -48.9846 -53.6667   21.8161 18.1651
16.48  -48.9947 -53.68   21.8582 18.2209
16.49  -49.0048 -53.6932   21.9004 18.2768
16.5  -49.0147 -53.7063   21.9426 18.3326
16.51  -49.0246 -53.7192   21.9848 18.3885
16.52  -49.0343 -53.732   22.027 18.4444
16.53  -49.044 -53.7447   22.0692 18.5002
16.54  -49.0536 -53.7573   22.1114 18.5561
16.55  -49.063 -53.7697   22.1536 18.6119
16.56  -49.0724 -53.782   22.1958 18.6678
16.57  -49.0817 -53.7942   22.238 18.7236
16.58  -49.0908 -53.8062   22.2801 18.7795
16.59  -49.0999 -53.8182   22.3223 18.8354
16.6  -49.1089 -53.83   22.3645 18.8912
16.61  -49.1178 -53.8417   22.4067 18.9471
16.62  -49.1267 -53.8533   22.4489 19.0029
16.63  -49.1354 -53.8648   22.4911 19.0588
16.64  -49.144 -53.8761   22.5333 19.1146
16.65  -49.1526 -53.8873   22.5755 19.1705
16.66  -49.1611 -53.8985   22.6177 19.2264
16.67  -49.1695 -53.9095   22.6599 19.2822
16.68  -49.1778 -53.9204   22.7021 19.3381
16.69  -49.186 -53.9312   22.7442 19.3939
16.7  -49.1941 -53.9419   22.7864 19.4498
16.71  -49.2022 -53.9525   22.8286 19.5056
16.72  -49.2102 -53.9629   22.8708 19.5615
16.73  -49.2181 -53.9733   22.913 19.6174
16.74  -49.2259 -53.9836   22.9552 19.6732
16.75  -49.2336 -53.9937   22.9974 19.7291
16.76  -49.2413 -54.0038   23.0396 19.7849
16.77  -49.2489 -54.0138   23.0818 19.8408
16.78  -49.2564 -54.0236   23.124 19.8966
16.79  -49.2638 -54.0334   23.1661 19.9525
16.8  -49.2712 -54.0431   23.2083 20.0083
16.81  -49.2785 -54.0526   23.2505 20.0642
16.82  -49.2857 -54.0621   23.2927 20.1201
16.83  -49.2928 -54.0715   23.3349 20.1759
16.84  -49.2999 -54.0808   23.3771 20.2318
16.85  -49.3069 -54.09   23.4193 20.2876
16.86  -49.3138 -54.0991   23.4615 20.3435
16.87  -49.3207 -54.1081   23.5037 20.3993
16.88  -49.3275 -54.117   23.5459 20.4552
16.89  -49.3342 -54.1258   23.588 20.5111
16.9  -49.3409 -54.1346   23.6302 20.5669
16.91  -49.3475 -54.1432   23.6724 20.6228
16.92  -49.354 -54.1518   23.7146 20.6786
16.93  -49.3605 -54.1603   23.7568 20.7345
16.94  -49.3669 -54.1687   23.799 20.7903
16.95  -49.3732 -54.177   23.8412 20.8462
16.96  -49.3795 -54.1852   23.8834 20.9021
16.97  -49.3857 -54.1933   23.9256 20.9579
16.98  -49.3918 -54.2014   23.9678 21.0138
16.99  -49.3979 -54.2094   24.0099 21.0696
17  -49.4039 -54.2173   24.0521 21.1255
17.01  -49.4099 -54.2251   24.0943 21.1813
17.02  -49.4158 -54.2329   24.1365 21.2372
17.03  -49.4216 -54.2406   24.1787 21.2931
17.04  -49.4274 -54.2481   24.2209 21.3489
17.05  -49.4331 -54.2557   24.2631 21.4048
17.06  -49.4388 -54.2631   24.3053 21.4606
17.07  -49.4444 -54.2705   24.3475 21.5165
17.08  -49.45 -54.2778   24.3897 21.5723
17.09  -49.4555 -54.285   24.4319 21.6282
17.1  -49.4609 -54.2921   24.474 21.6841
17.11  -49.4663 -54.2992   24.5162 21.7399
17.12  -49.4716 -54.3062   24.5584 21.7958
17.13  -49.4769 -54.3132   24.6006 21.8516
17.14  -49.4821 -54.32   24.6428 21.9075
17.15  -49.4873 -54.3268   24.685 21.9633
17.16  -49.4925 -54.3336   24.7272 22.0192
17.17  -49.4975 -54.3402   24.7694 22.075
17.18  -49.5026 -54.3468   24.8116 22.1309
17.19  -49.5075 -54.3534   24.8538 22.1868
17.2  -49.5124 -54.3598   24.8959 22.2426
17.21  -49.5173 -54.3662   24.9381 22.2985
17.22  -49.5222 -54.3726   24.9803 22.3543
17.23  -49.5269 -54.3788   25.0225 22.4102
17.24  -49.5317 -54.3851   25.0647 22.466
17.25  -49.5363 -54.3912   25.1069 22.5219
17.26  -49.541 -54.3973   25.1491 22.5778
17.27  -49.5456 -54.4033   25.1913 22.6336
17.28  -49.5501 -54.4093   25.2335 22.6895
17.29  -49.5546 -54.4152   25.2757 22.7453
17.3  -49.5591 -54.421   25.3178 22.8012
17.31  -49.5635 -54.4268   25.36 22.857
17.32  -49.5678 -54.4326   25.4022 22.9129
17.33  -49.5722 -54.4382   25.4444 22.9688
17.34  -49.5764 -54.4439   25.4866 23.0246
17.35  -49.5807 -54.4494   25.5288 23.0805
17.36  -49.5849 -54.4549   25.571 23.1363
17.37  -49.589 -54.4604   25.6132 23.1922
17.38  -49.5931 -54.4658   25.6554 23.248
17.39  -49.5972 -54.4711   25.6976 23.3039
17.4  -49.6012 -54.4764   25.7398 23.3598
17.41  -49.6052 -54.4816   25.7819 23.4156
17.42  -49.6092 -54.4868   25.8241 23.4715
17.43  -49.6131 -54.492   25.8659 23.5267
17.44  -49.6169 -54.497   25.9072 23.5815
17.45  -49.6208 -54.5021   25.9482 23.6357
17.46  -49.6246 -54.507   25.9887 23.6893
17.47  -49.6283 -54.512   26.0288 23.7424
17.48  -49.632 -54.5169   26.0685 23.795
17.49  -49.6357 -54.5217   26.1078 23.847
17.5  -49.6394 -54.5265   26.1467 23.8986
17.51  -49.643 -54.5312   26.1853 23.9496
17.52  -49.6465 -54.5359   26.2234 24.0001
17.53  -49.6501 -54.5405   26.2612 24.0501
17.54  -49.6536 -54.5451   26.2986 24.0996
17.55  -49.657 -54.5497   26.3356 24.1486
17.56  -49.6605 -54.5542   26.3722 24.1971
17.57  -49.6639 -54.5586   26.4085 24.2451
17.58  -49.6672 -54.563   26.4444 24.2927
17.59  -49.6705 -54.5674   26.48 24.3398
17.6  -49.6738 -54.5717   26.5152 24.3864
17.61  -49.6771 -54.576   26.55 24.4325
17.62  -49.6803 -54.5803   26.5845 24.4782
17.63  -49.6835 -54.5845   26.6187 24.5234
17.64  -49.6867 -54.5886   26.6525 24.5681
17.65  -49.6898 -54.5927   26.686 24.6125
17.66  -49.6929 -54.5968   26.7191 24.6563
17.67  -49.696 -54.6008   26.7519 24.6998
17.68  -49.699 -54.6048   26.7844 24.7428
17.69  -49.702 -54.6088   26.8166 24.7854
17.7  -49.705 -54.6127   26.8484 24.8275
17.71  -49.708 -54.6166   26.8799 24.8692
17.72  -49.7109 -54.6204   26.9111 24.9105
17.73  -49.7138 -54.6242   26.942 24.9514
17.74  -49.7167 -54.628   26.9726 24.9919
17.75  -49.7195 -54.6317   27.0028 25.032
17.76  -49.7223 -54.6354   27.0328 25.0717
17.77  -49.7251 -54.639   27.0625 25.111
17.78  -49.7278 -54.6426   27.0919 25.1498
17.79  -49.7305 -54.6462   27.1209 25.1884
17.8  -49.7332 -54.6497   27.1497 25.2265
17.81  -49.7359 -54.6532   27.1782 25.2642
17.82  -49.7385 -54.6567   27.2065 25.3016
17.83  -49.7412 -54.6601   27.2344 25.3385
17.84  -49.7437 -54.6635   27.262 25.3752
17.85  -49.7463 -54.6669   27.2894 25.4114
17.86  -49.7488 -54.6702   27.3165 25.4473
17.87  -49.7514 -54.6735   27.3434 25.4828
17.88  -49.7538 -54.6768   27.3699 25.518
17.89  -49.7563 -54.68   27.3962 25.5528
17.9  -49.7587 -54.6832   27.4223 25.5873
17.91  -49.7612 -54.6864   27.448 25.6214
17.92  -49.7635 -54.6895   27.4736 25.6552
17.93  -49.7659 -54.6926   27.4988 25.6886
17.94  -49.7682 -54.6957   27.5238 25.7218
17.95  -49.7706 -54.6987   27.5486 25.7545
17.96  -49.7729 -54.7018   27.5731 25.787
17.97  -49.7751 -54.7047   27.5974 25.8191
17.98  -49.7774 -54.7077   27.6214 25.8509
17.99  -49.7796 -54.7106   27.6452 25.8824
18  -49.7818 -54.7135   27.6687 25.9136
18.01  -49.784 -54.7164   27.6921 25.9445
18.02  -49.7862 -54.7192   27.7151 25.975
18.03  -49.7883 -54.722   27.738 26.0053
18.04  -49.7904 -54.7248   27.7606 26.0352
18.05  -49.7925 -54.7275   27.783 26.0649
18.06  -49.7946 -54.7303   27.8052 26.0942
18.07  -49.7966 -54.733   27.8271 26.1233
18.08  -49.7987 -54.7356   27.8489 26.152
18.09  -49.8007 -54.7383   27.8704 26.1805
18.1  -49.8027 -54.7409   27.8917 26.2087
18.11  -49.8046 -54.7435   27.9127 26.2366
18.12  -49.8066 -54.7461   27.9336 26.2643
18.13  -49.8085 -54.7486   27.9543 26.2916
18.14  -49.8104 -54.7511   27.9747 26.3187
18.15  -49.8123 -54.7536   27.995 26.3455
18.16  -49.8142 -54.7561   28.015 26.3721
18.17  -49.8161 -54.7585   28.0349 26.3983
18.18  -49.8179 -54.7609   28.0545 26.4244
18.19  -49.8197 -54.7633   28.074 26.4501
18.2  -49.8215 -54.7657   28.0933 26.4756
18.21  -49.8233 -54.768   28.1123 26.5009
18.22  -49.8251 -54.7703   28.1312 26.5258
18.23  -49.8268 -54.7726   28.1499 26.5506
18.24  -49.8286 -54.7749   28.1684 26.5751
18.25  -49.8303 -54.7772   28.1867 26.5993
18.26  -49.832 -54.7794   28.2048 26.6233
18.27  -49.8337 -54.7816   28.2228 26.6471
18.28  -49.8353 -54.7838   28.2406 26.6706
18.29  -49.837 -54.7859   28.2582 26.6939
18.3  -49.8386 -54.7881   28.2756 26.717
18.31  -49.8402 -54.7902   28.2928 26.7398
18.32  -49.8418 -54.7923   28.3099 26.7624
18.33  -49.8434 -54.7944   28.3268 26.7848
18.34  -49.845 -54.7964   28.3435 26.8069
18.35  -49.8465 -54.7985   28.3601 26.8289
18.36  -49.848 -54.8005   28.3765 26.8506
18.37  -49.8496 -54.8025   28.3927 26.8721
18.38  -49.8511 -54.8045   28.4088 26.8934
18.39  -49.8526 -54.8064   28.4247 26.9144
18.4  -49.854 -54.8083   28.4405 26.9353
18.41  -49.8555 -54.8103   28.4561 26.9559
18.42  -49.8569 -54.8122   28.4715 26.9764
18.43  -49.8584 -54.814   28.4868 26.9966
18.44  -49.8598 -54.8159   28.5019 27.0166
18.45  -49.8612 -54.8177   28.5169 27.0365
18.46  -49.8626 -54.8196   28.5317 27.0561
18.47  -49.864 -54.8214   28.5464 27.0756
18.48  -49.8653 -54.8232   28.5609 27.0948
18.49  -49.8667 -54.8249   28.5753 27.1138
18.5  -49.868 -54.8267   28.5896 27.1327
18.51  -49.8693 -54.8284   28.6037 27.1514
18.52  -49.8706 -54.8301   28.6176 27.1699
18.53  -49.8719 -54.8318   28.6315 27.1882
18.54  -49.8732 -54.8335   28.6452 27.2063
18.55  -49.8745 -54.8352   28.6587 27.2242
18.56  -49.8757 -54.8368   28.6721 27.242
18.57  -49.877 -54.8384   28.6854 27.2596
18.58  -49.8782 -54.8401   28.6985 27.277
18.59  -49.8794 -54.8417   28.7116 27.2942
18.6  -49.8806 -54.8432   28.7244 27.3113
18.61  -49.8818 -54.8448   28.7372 27.3281
18.62  -49.883 -54.8464   28.7498 27.3449
18.63  -49.8842 -54.8479   28.7623 27.3614
18.64  -49.8853 -54.8494   28.7747 27.3778
18.65  -49.8865 -54.8509   28.787 27.394
18.66  -49.8876 -54.8524   28.7991 27.4101
18.67  -49.8887 -54.8539   28.8111 27.426
18.68  -49.8898 -54.8554   28.823 27.4417
18.69  -49.8909 -54.8568   28.8348 27.4573
18.7  -49.892 -54.8582   28.8464 27.4727
18.71  -49.8931 -54.8597   28.8579 27.488
18.72  -49.8942 -54.8611   28.8694 27.5031
18.73  -49.8952 -54.8624   28.8807 27.5181
18.74  -49.8963 -54.8638   28.8919 27.5329
18.75  -49.8973 -54.8652   28.9029 27.5476
18.76  -49.8983 -54.8665   28.9139 27.5621
18.77  -49.8994 -54.8679   28.9248 27.5765
18.78  -49.9004 -54.8692   28.9355 27.5907
18.79  -49.9014 -54.8705   28.9462 27.6048
18.8  -49.9024 -54.8718   28.9567 27.6188
18.81  -49.9033 -54.8731   28.9671 27.6326
18.82  -49.9043 -54.8743   28.9775 27.6463
18.83  -49.9053 -54.8756   28.9877 27.6598
18.84  -49.9062 -54.8768   28.9978 27.6732
18.85  -49.9071 -54.8781   29.0078 27.6865
18.86  -49.9081 -54.8793   29.0178 27.6996
18.87  -49.909 -54.8805   29.0276 27.7126
18.88  -49.9099 -54.8817   29.0373 27.7255
18.89  -49.9108 -54.8829   29.0469 27.7382
18.9  -49.9117 -54.884   29.0565 27.7508
18.91  -49.9126 -54.8852   29.0659 27.7633
18.92  -49.9134 -54.8864   29.0752 27.7757
18.93  -49.9143 -54.8875   29.0845 27.7879
18.94  -49.9152 -54.8886   29.0936 27.8001
18.95  -49.916 -54.8897   29.1027 27.8121
18.96  -49.9169 -54.8908   29.1117 27.8239
18.97  -49.9177 -54.8919   29.1206 27.8357
18.98  -49.9185 -54.893   29.1294 27.8473
18.99  -49.9193 -54.8941   29.1381 27.8589
19  -49.9201 -54.8951   29.1467 27.8703
19.01  -49.9209 -54.8962   29.1552 27.8816
19.02  -49.9217 -54.8972   29.1637 27.8928
19.03  -49.9225 -54.8982   29.172 27.9038
19.04  -49.9233 -54.8993   29.1803 27.9148
19.05  -49.924 -54.9003   29.1885 27.9256
19.06  -49.9248 -54.9013   29.1966 27.9364
19.07  -49.9256 -54.9023   29.2047 27.947
19.08  -49.9263 -54.9032   29.2126 27.9576
19.09  -49.927 -54.9042   29.2205 27.968
19.1  -49.9278 -54.9052   29.2283 27.9783
19.11  -49.9285 -54.9061   29.236 27.9885
19.12  -49.9292 -54.907   29.2436 27.9986
19.13  -49.9299 -54.908   29.2512 28.0086
19.14  -49.9306 -54.9089   29.2587 28.0186
19.15  -49.9313 -54.9098   29.2661 28.0284
19.16  -49.932 -54.9107   29.2734 28.0381
19.17  -49.9327 -54.9116   29.2807 28.0477
19.18  -49.9334 -54.9125   29.2879 28.0572
19.19  -49.934 -54.9134   29.295 28.0667
19.2  -49.9347 -54.9142   29.3021 28.076
19.21  -49.9353 -54.9151   29.309 28.0852
19.22  -49.936 -54.9159   29.316 28.0944
19.23  -49.9366 -54.9168   29.3228 28.1034
19.24  -49.9373 -54.9176   29.3296 28.1124
19.25  -49.9379 -54.9184   29.3363 28.1213
19.26  -49.9385 -54.9192   29.3429 28.1301
19.27  -49.9391 -54.9201   29.3495 28.1388
19.28  -49.9397 -54.9209   29.356 28.1474
19.29  -49.9403 -54.9216   29.3624 28.1559
19.3  -49.9409 -54.9224   29.3688 28.1643
19.31  -49.9415 -54.9232   29.3751 28.1727
19.32  -49.9421 -54.924   29.3814 28.181
19.33  -49.9427 -54.9247   29.3876 28.1892
19.34  -49.9433 -54.9255   29.3937 28.1973
19.35  -49.9438 -54.9262   29.3997 28.2053
19.36  -49.9444 -54.927   29.4057 28.2132
19.37  -49.9449 -54.9277   29.4117 28.2211
19.38  -49.9455 -54.9284   29.4176 28.2289
19.39  -49.946 -54.9291   29.4234 28.2366
19.4  -49.9466 -54.9298   29.4292 28.2442
19.41  -49.9471 -54.9305   29.4349 28.2518
19.42  -49.9476 -54.9312   29.4405 28.2593
19.43  -49.9482 -54.9319   29.4461 28.2667
19.44  -49.9487 -54.9326   29.4517 28.274
19.45  -49.9492 -54.9333   29.4571 28.2813
19.46  -49.9497 -54.934   29.4626 28.2885
19.47  -49.9502 -54.9346   29.4679 28.2956
19.48  -49.9507 -54.9353   29.4733 28.3026
19.49  -49.9512 -54.9359   29.4785 28.3096
19.5  -49.9517 -54.9366   29.4837 28.3165
19.51  -49.9522 -54.9372   29.4889 28.3233
19.52  -49.9526 -54.9378   29.494 28.3301
19.53  -49.9531 -54.9384   29.4991 28.3368
19.54  -49.9536 -54.9391   29.5041 28.3434
19.55  -49.954 -54.9397   29.509 28.35
19.56  -49.9545 -54.9403   29.514 28.3565
19.57  -49.955 -54.9409   29.5188 28.3629
19.58  -49.9554 -54.9415   29.5236 28.3693
19.59  -49.9559 -54.942   29.5284 28.3756
19.6  -49.9563 -54.9426   29.5331 28.3819
19.61  -49.9567 -54.9432   29.5378 28.388
19.62  -49.9572 -54.9438   29.5424 28.3942
19.63  -49.9576 -54.9443   29.547 28.4002
19.64  -49.958 -54.9449   29.5515 28.4062
19.65  -49.9584 -54.9454   29.556 28.4122
19.66  -49.9589 -54.946   29.5604 28.418
19.67  -49.9593 -54.9465   29.5648 28.4239
19.68  -49.9597 -54.9471   29.5692 28.4296
19.69  -49.9601 -54.9476   29.5735 28.4353
19.7  -49.9605 -54.9481   29.5777 28.441
19.71  -49.9609 -54.9486   29.582 28.4466
19.72  -49.9613 -54.9491   29.5862 28.4521
19.73  -49.9617 -54.9496   29.5903 28.4576
19.74  -49.962 -54.9502   29.5944 28.463
19.75  -49.9624 -54.9507   29.5984 28.4684
19.76  -49.9628 -54.9511   29.6025 28.4737
19.77  -49.9632 -54.9516   29.6064 28.4789
19.78  -49.9635 -54.9521   29.6104 28.4842
19.79  -49.9639 -54.9526   29.6143 28.4893
19.8  -49.9643 -54.9531   29.6181 28.4944
19.81  -49.9646 -54.9535   29.6219 28.4995
19.82  -49.965 -54.954   29.6257 28.5045
19.83  -49.9653 -54.9545   29.6295 28.5094
19.84  -49.9657 -54.9549   29.6332 28.5143
19.85  -49.966 -54.9554   29.6368 28.5192
19.86  -49.9664 -54.9558   29.6405 28.524
19.87  -49.9667 -54.9563   29.6441 28.5288
19.88  -49.967 -54.9567   29.6476 28.5335
19.89  -49.9673 -54.9571   29.6511 28.5381
19.9  -49.9677 -54.9576   29.6546 28.5428
19.91  -49.968 -54.958   29.6581 28.5473
19.92  -49.9683 -54.9584   29.6615 28.5519
19.93  -49.9686 -54.9588   29.6649 28.5563
19.94  -49.9689 -54.9592   29.6682 28.5608
19.95  -49.9693 -54.9596   29.6716 28.5652
19.96  -49.9696 -54.96   29.6748 28.5695
19.97  -49.9699 -54.9604   29.6781 28.5738
19.98  -49.9702 -54.9608   29.6813 28.5781
19.99  -49.9705 -54.9612   29.6845 28.5823
20  -49.9708 -54.9616   29.6877 28.5865
20.01  -49.9711 -54.962   29.6908 28.5906
20.02  -49.9713 -54.9624   29.6939 28.5947
20.03  -49.9716 -54.9628   29.6969 28.5988
20.04  -49.9719 -54.9631   29.7 28.6028
20.05  -49.9722 -54.9635   29.703 28.6068
20.06  -49.9725 -54.9639   29.7059 28.6107
20.07  -49.9728 -54.9642   29.7089 28.6146
20.08  -49.973 -54.9646   29.7118 28.6184
20.09  -49.9733 -54.9649   29.7147 28.6222
20.1  -49.9736 -54.9653   29.7175 28.626
20.11  -49.9738 -54.9656   29.7203 28.6298
20.12  -49.9741 -54.966   29.7231 28.6335
20.13  -49.9743 -54.9663   29.7259 28.6371
20.14  -49.9746 -54.9667   29.7287 28.6408
20.15  -49.9749 -54.967   29.7314 28.6444
20.16  -49.9751 -54.9673   29.7341 28.6479
20.17  -49.9754 -54.9676   29.7367 28.6514
20.18  -49.9756 -54.968   29.7393 28.6549
20.19  -49.9758 -54.9683   29.742 28.6584
20.2  -49.9761 -54.9686   29.7445 28.6618
20.21  -49.9763 -54.9689   29.7471 28.6652
20.22  -49.9766 -54.9692   29.7496 28.6685
20.23  -49.9768 -54.9695   29.7521 28.6718
20.24  -49.977 -54.9698   29.7546 28.6751
20.25  -49.9773 -54.9701   29.7571 28.6784
20.26  -49.9775 -54.9704   29.7595 28.6816
20.27  -49.9777 -54.9707   29.7619 28.6848
20.28  -49.9779 -54.971   29.7643 28.6879
20.29  -49.9782 -54.9713   29.7666 28.691
20.3  -49.9784 -54.9716   29.769 28.6941
20.31  -49.9786 -54.9719   29.7713 28.6972
20.32  -49.9788 -54.9722   29.7736 28.7002
20.33  -49.979 -54.9725   29.7758 28.7032
20.34  -49.9792 -54.9727   29.7781 28.7062
20.35  -49.9794 -54.973   29.7803 28.7091
20.36  -49.9796 -54.9733   29.7825 28.712
20.37  -49.9798 -54.9735   29.7847 28.7149
20.38  -49.98 -54.9738   29.7868 28.7178
20.39  -49.9802 -54.9741   29.7889 28.7206
20.4  -49.9804 -54.9743   29.7911 28.7234
20.41  -49.9806 -54.9746   29.7931 28.7261
20.42  -49.9808 -54.9748   29.7952 28.7289
20.43  -49.981 -54.9751   29.7973 28.7316
20.44  -49.9812 -54.9753   29.7993 28.7343
20.45  -49.9814 -54.9756   29.8013 28.7369
20.46  -49.9816 -54.9758   29.8033 28.7396
20.47  -49.9818 -54.9761   29.8052 28.7422
20.48  -49.982 -54.9763   29.8072 28.7447
20.49  -49.9821 -54.9765   29.8091 28.7473
20.5  -49.9823 -54.9768   29.811 28.7498
20.51  -49.9825 -54.977   29.8129 28.7523
20.52  -49.9827 -54.9772   29.8148 28.7548
20.53  -49.9828 -54.9775   29.8166 28.7573
20.54  -49.983 -54.9777   29.8185 28.7597
20.55  -49.9832 -54.9779   29.8203 28.7621
20.56  -49.9833 -54.9781   29.8221 28.7645
20.57  -49.9835 -54.9784   29.8239 28.7668
20.58  -49.9837 -54.9786   29.8256 28.7691
20.59  -49.9838 -54.9788   29.8274 28.7715
20.6  -49.984 -54.979   29.8291 28.7737
20.61  -49.9842 -54.9792   29.8308 28.776
20.62  -49.9843 -54.9794   29.8325 28.7782
20.63  -49.9845 -54.9796   29.8342 28.7805
20.64  -49.9846 -54.9798   29.8358 28.7827
20.65  -49.9848 -54.98   29.8375 28.7848
20.66  -49.9849 -54.9802   29.8391 28.787
20.67  -49.9851 -54.9804   29.8407 28.7891
20.68  -49.9852 -54.9806   29.8423 28.7912
20.69  -49.9854 -54.9808   29.8439 28.7933
20.7  -49.9855 -54.981   29.8454 28.7954
20.71  -49.9857 -54.9812   29.847 28.7974
20.72  -49.9858 -54.9814   29.8485 28.7994
20.73  -49.986 -54.9816   29.85 28.8015
20.74  -49.9861 -54.9818   29.8515 28.8034
20.75  -49.9862 -54.9819   29.853 28.8054
20.76  -49.9864 -54.9821   29.8545 28.8074
20.77  -49.9865 -54.9823   29.8559 28.8093
20.78  -49.9867 -54.9825   29.8574 28.8112
20.79  -49.9868 -54.9826   29.8588 28.8131
20.8  -49.9869 -54.9828   29.8602 28.8149
20.81  -49.987 -54.983   29.8616 28.8168
20.82  -49.9872 -54.9832   29.863 28.8186
20.83  -49.9873 -54.9833   29.8644 28.8204
20.84  -49.9874 -54.9835   29.8657 28.8222
20.85  -49.9876 -54.9837   29.8671 28.824
20.86  -49.9877 -54.9838   29.8684 28.8258
20.87  -49.9878 -54.984   29.8697 28.8275
20.88  -49.9879 -54.9841   29.871 28.8292
20.89  -49.988 -54.9843   29.8723 28.8309
20.9  -49.9882 -54.9845   29.8736 28.8326
20.91  -49.9883 -54.9846   29.8749 28.8343
20.92  -49.9884 -54.9848   29.8761 28.836
20.93  -49.9885 -54.9849   29.8773 28.8376
20.94  -49.9886 -54.9851   29.8786 28.8392
20.95  -49.9887 -54.9852   29.8798 28.8408
20.96  -49.9889 -54.9854   29.881 28.8424
20.97  -49.989 -54.9855   29.8822 28.844
20.98  -49.9891 -54.9857   29.8834 28.8456
20.99  -49.9892 -54.9858   29.8845 28.8471
21  -49.9893 -54.986   29.8857 28.8486
21.01  -49.9894 -54.9861   29.8868 28.8502
21.02  -49.9895 -54.9862   29.8879 28.8517
21.03  -49.9896 -54.9864   29.8891 28.8531
21.04  -49.9897 -54.9865   29.8902 28.8546
21.05  -49.9898 -54.9866   29.8913 28.8561
21.06  -49.9899 -54.9868   29.8924 28.8575
21.07  -49.99 -54.9869   29.8934 28.8589
21.08  -49.9901 -54.987   29.8945 28.8603
21.09  -49.9902 -54.9872   29.8956 28.8617
21.1  -49.9903 -54.9873   29.8966 28.8631
21.11  -49.9904 -54.9874   29.8976 28.8645
21.12  -49.9905 -54.9875   29.8987 28.8658
21.13  -49.9906 -54.9877   29.8997 28.8672
21.14  -49.9907 -54.9878   29.9007 28.8685
21.15  -49.9908 -54.9879   29.9017 28.8698
21.16  -49.9909 -54.988   29.9027 28.8711
21.17  -49.991 -54.9882   29.9036 28.8724
21.18  -49.9911 -54.9883   29.9046 28.8737
21.19  -49.9912 -54.9884   29.9055 28.875
21.2  -49.9912 -54.9885   29.9065 28.8762
21.21  -49.9913 -54.9886   29.9074 28.8774
21.22  -49.9914 -54.9887   29.9084 28.8787
21.23  -49.9915 -54.9888   29.9093 28.8799
21.24  -49.9916 -54.989   29.9102 28.8811
21.25  -49.9917 -54.9891   29.9111 28.8823
21.26  -49.9918 -54.9892   29.912 28.8834
21.27  -49.9918 -54.9893   29.9128 28.8846
21.28  -49.9919 -54.9894   29.9137 28.8858
21.29  -49.992 -54.9895   29.9146 28.8869
21.3  -49.9921 -54.9896   29.9154 28.888
21.31  -49.9922 -54.9897   29.9163 28.8892
21.32  -49.9922 -54.9898   29.9171 28.8903
21.33  -49.9923 -54.9899   29.9179 28.8914
21.34  -49.9924 -54.99   29.9188 28.8925
21.35  -49.9925 -54.9901   29.9196 28.8935
21.36  -49.9925 -54.9902   29.9204 28.8946
21.37  -49.9926 -54.9903   29.9212 28.8956
21.38  -49.9927 -54.9904   29.922 28.8967
21.39  -49.9928 -54.9905   29.9227 28.8977
21.4  -49.9928 -54.9906   29.9235 28.8987
21.41  -49.9929 -54.9907   29.9243 28.8998
21.42  -49.993 -54.9908   29.925 28.9008
21.43  -49.9931 -54.9909   29.9258 28.9018
21.44  -49.9931 -54.991   29.9265 28.9027
21.45  -49.9932 -54.9911   29.9273 28.9037
21.46  -49.9933 -54.9912   29.928 28.9047
21.47  -49.9933 -54.9912   29.9287 28.9056
21.48  -49.9934 -54.9913   29.9294 28.9066
21.49  -49.9935 -54.9914   29.9301 28.9075
21.5  -49.9935 -54.9915   29.9308 28.9084
21.51  -49.9936 -54.9916   29.9315 28.9093
21.52  -49.9937 -54.9917   29.9322 28.9102
21.53  -49.9937 -54.9918   29.9329 28.9111
21.54  -49.9938 -54.9918   29.9336 28.912
21.55  -49.9938 -54.9919   29.9342 28.9129
21.56  -49.9939 -54.992   29.9349 28.9138
21.57  -49.994 -54.9921   29.9355 28.9146
21.58  -49.994 -54.9922   29.9362 28.9155
21.59  -49.9941 -54.9922   29.9368 28.9163
21.6  -49.9941 -54.9923   29.9374 28.9172
21.61  -49.9942 -54.9924   29.9381 28.918
21.62  -49.9943 -54.9925   29.9387 28.9188
21.63  -49.9943 -54.9925   29.9393 28.9196
21.64  -49.9944 -54.9926   29.9399 28.9204
