-50 -55 9 15
30 29 5 11
0.01  29.8972 29.8908   -48.9265 -58.9181
0.02  29.7944 29.7815   -48.853 -58.8363
0.03  29.6916 29.6723   -48.7796 -58.7544
0.04  29.5888 29.5631   -48.7061 -58.6726
0.05  29.486 29.4539   -48.6326 -58.5907
0.06  29.3832 29.3446   -48.5591 -58.5089
0.07  29.2804 29.2354   -48.4856 -58.427
0.08  29.1776 29.1262   -48.4121 -58.3452
0.09  29.0748 29.0169   -48.3387 -58.2633
0.1  28.972 28.9077   -48.2652 -58.1815
0.11  28.8691 28.7985   -48.1917 -58.0996
0.12  28.7663 28.6892   -48.1182 -58.0177
0.13  28.6635 28.58   -48.0447 -57.9359
0.14  28.5607 28.4708   -47.9712 -57.854
0.15  28.4579 28.3616   -47.8978 -57.7722
0.16  28.3551 28.2523   -47.8243 -57.6903
0.17  28.2523 28.1431   -47.7508 -57.6085
0.18  28.1495 28.0339   -47.6773 -57.5266
0.19  28.0467 27.9246   -47.6038 -57.4448
0.2  27.9439 27.8154   -47.5303 -57.3629
0.21  27.8411 27.7062   -47.4569 -57.281
0.22  27.7383 27.5969   -47.3834 -57.1992
0.23  27.6355 27.4877   -47.3099 -57.1173
0.24  27.5327 27.3785   -47.2364 -57.0355
0.25  27.4299 27.2693   -47.1629 -56.9536
0.26  27.3271 27.16   -47.0894 -56.8718
0.27  27.2243 27.0508   -47.016 -56.7899
0.28  27.1215 26.9416   -46.9425 -56.7081
0.29  27.0187 26.8323   -46.869 -56.6262
0.3  26.9159 26.7231   -46.7955 -56.5444
0.31  26.8131 26.6139   -46.722 -56.4625
0.32  26.7102 26.5046   -46.6485 -56.3806
0.33  26.6074 26.3954   -46.5751 -56.2988
0.34  26.5046 26.2862   -46.5016 -56.2169
0.35  26.4018 26.177   -46.4281 -56.1351
0.36  26.299 26.0677   -46.3546 -56.0532
0.37  26.1962 25.9585   -46.2811 -55.9714
0.38  26.0934 25.8493   -46.2076 -55.8895
0.39  25.9906 25.74   -46.1342 -55.8077
0.4  25.8878 25.6308   -46.0607 -55.7258
0.41  25.785 25.5216   -45.9872 -55.644
0.42  25.6822 25.4123   -45.9137 -55.5621
0.43  25.5794 25.3031   -45.8402 -55.4802
0.44  25.4766 25.1939   -45.7667 -55.3984
0.45  25.3738 25.0847   -45.6933 -55.3165
0.46  25.271 24.9754   -45.6198 -55.2347
0.47  25.1682 24.8662   -45.5463 -55.1528
0.48  25.0654 24.757   -45.4728 -55.071
0.49  24.9626 24.6477   -45.3993 -54.9891
0.5  24.8598 24.5385   -45.3258 -54.9073
0.51  24.757 24.4293   -45.2524 -54.8254
0.52  24.6542 24.32   -45.1789 -54.7436
0.53  24.5514 24.2108   -45.1054 -54.6617
0.54  24.4485 24.1016   -45.0319 -54.5798
0.55  24.3457 23.9924   -44.9584 -54.498
0.56  24.2429 23.8831   -44.8849 -54.4161
0.57  24.1401 23.7739   -44.8115 -54.3343
0.58  24.0373 23.6647   -44.738 -54.2524
0.59  23.9345 23.5554   -44.6645 -54.1706
0.6  23.8317 23.4462   -44.591 -54.0887
0.61  23.7289 23.337   -44.5175 -54.0069
0.62  23.6261 23.2277   -44.444 -53.925
0.63  23.5233 23.1185   -44.3706 -53.8431
0.64  23.4205 23.0093   -44.2971 -53.7613
0.65  23.3177 22.9001   -44.2236 -53.6794
0.66  23.2149 22.7908   -44.1501 -53.5976
0.67  23.1121 22.6816   -44.0766 -53.5157
0.68  23.0093 22.5724   -44.0031 -53.4339
0.69  22.9065 22.4631   -43.9297 -53.352
0.7  22.8037 22.3539   -43.8562 -53.2702
0.71  22.7009 22.2447   -43.7827 -53.1883
0.72  22.5981 22.1354   -43.7092 -53.1065
0.73  22.4953 22.0262   -43.6357 -53.0246
0.74  22.3925 21.917   -43.5622 -52.9427
0.75  22.2896 21.8078   -43.4888 -52.8609
0.76  22.1868 21.6985   -43.4153 -52.779
0.77  22.084 21.5893   -43.3418 -52.6972
0.78  21.9812 21.4801   -43.2683 -52.6153
0.79  21.8784 21.3708   -43.1948 -52.5335
0.8  21.7756 21.2616   -43.1213 -52.4516
0.81  21.6728 21.1524   -43.0479 -52.3698
0.82  21.57 21.0431   -42.9744 -52.2879
0.83  21.4672 20.9339   -42.9009 -52.2061
0.84  21.3644 20.8247   -42.8274 -52.1242
0.85  21.2616 20.7155   -42.7539 -52.0423
0.86  21.1588 20.6062   -42.6804 -51.9605
0.87  21.056 20.497   -42.607 -51.8786
0.88  20.9532 20.3878   -42.5335 -51.7968
0.89  20.8504 20.2785   -42.46 -51.7149
0.9  20.7476 20.1693   -42.3865 -51.6331
0.91  20.6448 20.0601   -42.313 -51.5512
0.92  20.542 19.9508   -42.2395 -51.4694
0.93  20.4392 19.8416   -42.1661 -51.3875
0.94  20.3364 19.7324   -42.0926 -51.3056
0.95  20.2336 19.6232   -42.0191 -51.2238
0.96  20.1307 19.5139   -41.9456 -51.1419
0.97  20.0279 19.4047   -41.8721 -51.0601
0.98  19.9251 19.2955   -41.7986 -50.9782
0.99  19.8223 19.1862   -41.7252 -50.8964
1  19.7195 19.077   -41.6517 -50.8145
1.01  19.6167 18.9678   -41.5782 -50.7327
1.02  19.5139 18.8585   -41.5047 -50.6508
1.03  19.4111 18.7493   -41.4312 -50.569
1.04  19.3083 18.6401   -41.3577 -50.4871
1.05  19.2055 18.5309   -41.2843 -50.4052
1.06  19.1027 18.4216   -41.2108 -50.3234
1.07  18.9999 18.3124   -41.1373 -50.2415
1.08  18.8971 18.2032   -41.0638 -50.1597
1.09  18.7943 18.0939   -40.9903 -50.0778
1.1  18.6915 17.9847   -40.9168 -49.996
1.11  18.5887 17.8755   -40.8434 -49.9141
1.12  18.4859 17.7662   -40.7699 -49.8323
1.13  18.3831 17.657   -40.6964 -49.7504
1.14  18.2803 17.5478   -40.6229 -49.6686
1.15  18.1775 17.4386   -40.5494 -49.5867
1.16  18.0747 17.3293   -40.4759 -49.5048
1.17  17.9718 17.2201   -40.4025 -49.423
1.18  17.869 17.1109   -40.329 -49.3411
1.19  17.7662 17.0016   -40.2555 -49.2593
1.2  17.6634 16.8924   -40.182 -49.1774
1.21  17.5606 16.7832   -40.1085 -49.0956
1.22  17.4578 16.6739   -40.035 -49.0137
1.23  17.355 16.5647   -39.9616 -48.9319
1.24  17.2522 16.4555   -39.8881 -48.85
1.25  17.1494 16.3463   -39.8146 -48.7682
1.26  17.0466 16.237   -39.7411 -48.6863
1.27  16.9438 16.1278   -39.6676 -48.6044
1.28  16.841 16.0186   -39.5941 -48.5226
1.29  16.7382 15.9093   -39.5207 -48.4407
1.3  16.6354 15.8001   -39.4472 -48.3589
1.31  16.5326 15.6909   -39.3737 -48.277
1.32  16.4298 15.5816   -39.3002 -48.1952
1.33  16.327 15.4724   -39.2267 -48.1133
1.34  16.2242 15.3632   -39.1532 -48.0315
1.35  16.1214 15.254   -39.0798 -47.9496
1.36  16.0186 15.1447   -39.0063 -47.8677
1.37  15.9158 15.0355   -38.9328 -47.7859
1.38  15.813 14.9263   -38.8593 -47.704
1.39  15.7101 14.817   -38.7858 -47.6222
1.4  15.6073 14.7078   -38.7123 -47.5403
1.41  15.5045 14.5986   -38.6389 -47.4585
1.42  15.4017 14.4893   -38.5654 -47.3766
1.43  15.2989 14.3801   -38.4919 -47.2948
1.44  15.1961 14.2709   -38.4184 -47.2129
1.45  15.0933 14.1617   -38.3449 -47.1311
1.46  14.9905 14.0524   -38.2714 -47.0492
1.47  14.8877 13.9432   -38.198 -46.9673
1.48  14.7849 13.834   -38.1245 -46.8855
1.49  14.6821 13.7247   -38.051 -46.8036
1.5  14.5793 13.6155   -37.9775 -46.7218
1.51  14.4765 13.5063   -37.904 -46.6399
1.52  14.3737 13.397   -37.8305 -46.5581
1.53  14.2709 13.2878   -37.7571 -46.4762
1.54  14.1681 13.1786   -37.6836 -46.3944
1.55  14.0653 13.0694   -37.6101 -46.3125
1.56  13.9625 12.9601   -37.5366 -46.2307
1.57  13.8597 12.8509   -37.4631 -46.1488
1.58  13.7569 12.7417   -37.3896 -46.0669
1.59  13.6541 12.6324   -37.3162 -45.9851
1.6  13.5512 12.5232   -37.2427 -45.9032
1.61  13.4484 12.414   -37.1692 -45.8214
1.62  13.3456 12.3047   -37.0957 -45.7395
1.63  13.2428 12.1955   -37.0222 -45.6577
1.64  13.14 12.0863   -36.9487 -45.5758
1.65  13.0372 11.9771   -36.8753 -45.494
1.66  12.9344 11.8678   -36.8018 -45.4121
1.67  12.8316 11.7586   -36.7283 -45.3302
1.68  12.7288 11.6494   -36.6548 -45.2484
1.69  12.626 11.5401   -36.5813 -45.1665
1.7  12.5232 11.4309   -36.5078 -45.0847
1.71  12.4204 11.3217   -36.4344 -45.0028
1.72  12.3176 11.2124   -36.3609 -44.921
1.73  12.2148 11.1032   -36.2874 -44.8391
1.74  12.112 10.994   -36.2139 -44.7573
1.75  12.0092 10.8848   -36.1404 -44.6754
1.76  11.9064 10.7755   -36.0669 -44.5936
1.77  11.8036 10.6663   -35.9935 -44.5117
1.78  11.7008 10.5571   -35.92 -44.4298
1.79  11.598 10.4478   -35.8465 -44.348
1.8  11.4952 10.3386   -35.773 -44.2661
1.81  11.3923 10.2294   -35.6995 -44.1843
1.82  11.2895 10.1201   -35.626 -44.1024
1.83  11.1867 10.0109   -35.5526 -44.0206
1.84  11.0839 9.90168   -35.4791 -43.9387
1.85  10.9811 9.79245   -35.4056 -43.8569
1.86  10.8783 9.68322   -35.3321 -43.775
1.87  10.7755 9.57399   -35.2586 -43.6932
1.88  10.6727 9.46476   -35.1851 -43.6113
1.89  10.5699 9.35553   -35.1117 -43.5294
1.9  10.4671 9.2463   -35.0382 -43.4476
1.91  10.3643 9.13707   -34.9647 -43.3657
1.92  10.2615 9.02784   -34.8912 -43.2839
1.93  10.1587 8.91861   -34.8177 -43.202
1.94  10.0559 8.80938   -34.7442 -43.1202
1.95  9.95308 8.70015   -34.6708 -43.0383
1.96  9.85028 8.59092   -34.5973 -42.9565
1.97  9.74747 8.48169   -34.5238 -42.8746
1.98  9.64467 8.37246   -34.4503 -42.7928
1.99  9.54186 8.26323   -34.3768 -42.7109
2  9.43906 8.154   -34.3033 -42.629
2.01  9.33625 8.04477   -34.2299 -42.5472
2.02  9.23345 7.93554   -34.1564 -42.4653
2.03  9.13064 7.82631   -34.0829 -42.3835
2.04  9.02784 7.71708   -34.0094 -42.3016
2.05  8.92504 7.60785   -33.9359 -42.2198
2.06  8.82223 7.49862   -33.8624 -42.1379
2.07  8.71943 7.38939   -33.789 -42.0561
2.08  8.61662 7.28016   -33.7155 -41.9742
2.09  8.51382 7.17093   -33.642 -41.8923
2.1  8.41101 7.0617   -33.5685 -41.8105
2.11  8.30821 6.95247   -33.495 -41.7286
2.12  8.2054 6.84324   -33.4215 -41.6468
2.13  8.1026 6.73401   -33.3481 -41.5649
2.14  7.99979 6.62478   -33.2746 -41.4831
2.15  7.89699 6.51555   -33.2011 -41.4012
2.16  7.79418 6.40632   -33.1276 -41.3194
2.17  7.69138 6.29709   -33.0541 -41.2375
2.18  7.58857 6.18786   -32.9806 -41.1557
2.19  7.48577 6.07863   -32.9072 -41.0738
2.2  7.38296 5.9694   -32.8337 -40.9919
2.21  7.28016 5.86017   -32.7602 -40.9101
2.22  7.17736 5.75094   -32.6867 -40.8282
2.23  7.07455 5.64171   -32.6132 -40.7464
2.24  6.97175 5.53248   -32.5397 -40.6645
2.25  6.86894 5.42325   -32.4663 -40.5827
2.26  6.76614 5.31402   -32.3928 -40.5008
2.27  6.66333 5.20479   -32.3193 -40.419
2.28  6.56053 5.09556   -32.2458 -40.3371
2.29  6.45772 4.98633   -32.1723 -40.2553
2.3  6.35492 4.8771   -32.0988 -40.1734
2.31  6.25211 4.76787   -32.0254 -40.0915
2.32  6.14931 4.65864   -31.9519 -40.0097
2.33  6.0465 4.54941   -31.8784 -39.9278
2.34  5.9437 4.44018   -31.8049 -39.846
2.35  5.84089 4.33095   -31.7314 -39.7641
2.36  5.73809 4.22172   -31.6579 -39.6823
2.37  5.63528 4.11249   -31.5845 -39.6004
2.38  5.53248 4.00326   -31.511 -39.5186
2.39  5.42968 3.89403   -31.4375 -39.4367
2.4  5.32687 3.7848   -31.364 -39.3548
2.41  5.22407 3.67557   -31.2905 -39.273
2.42  5.12126 3.56634   -31.217 -39.1911
2.43  5.01846 3.45711   -31.1436 -39.1093
2.44  4.91565 3.34788   -31.0701 -39.0274
2.45  4.81285 3.23865   -30.9966 -38.9456
2.46  4.71004 3.12942   -30.9231 -38.8637
2.47  4.60724 3.02019   -30.8496 -38.7819
2.48  4.50443 2.91096   -30.7761 -38.7
2.49  4.40163 2.80173   -30.7027 -38.6182
2.5  4.29882 2.6925   -30.6292 -38.5363
2.51  4.19602 2.58327   -30.5557 -38.4544
2.52  4.09321 2.47404   -30.4822 -38.3726
2.53  3.99041 2.36481   -30.4087 -38.2907
2.54  3.8876 2.25558   -30.3352 -38.2089
2.55  3.7848 2.14635   -30.2618 -38.127
2.56  3.682 2.03712   -30.1883 -38.0452
2.57  3.57919 1.92789   -30.1148 -37.9633
2.58  3.47639 1.81866   -30.0413 -37.8815
2.59  3.37358 1.70943   -29.9678 -37.7996
2.6  3.27078 1.6002   -29.8943 -37.7178
2.61  3.16797 1.49097   -29.8209 -37.6359
2.62  3.06517 1.38174   -29.7474 -37.554
2.63  2.96236 1.27251   -29.6739 -37.4722
2.64  2.85956 1.16328   -29.6004 -37.3903
2.65  2.75675 1.05405   -29.5269 -37.3085
2.66  2.65395 0.94482   -29.4534 -37.2266
2.67  2.55114 0.83559   -29.38 -37.1448
2.68  2.44834 0.72636   -29.3065 -37.0629
2.69  2.34553 0.61713   -29.233 -36.9811
2.7  2.24273 0.5079   -29.1595 -36.8992
2.71  2.13992 0.39867   -29.086 -36.8174
2.72  2.03712 0.28944   -29.0125 -36.7355
2.73  1.93432 0.18021   -28.9391 -36.6536
2.74  1.83151 0.0709803   -28.8656 -36.5718
2.75  1.72871 -0.0382497   -28.7921 -36.4899
2.76  1.6259 -0.14748   -28.7186 -36.4081
2.77  1.5231 -0.25671   -28.6451 -36.3262
2.78  1.42029 -0.36594   -28.5716 -36.2444
2.79  1.31749 -0.47517   -28.4982 -36.1625
2.8  1.21468 -0.5844   -28.4247 -36.0807
2.81  1.11188 -0.69363   -28.3512 -35.9988
2.82  1.00907 -0.80286   -28.2777 -35.9169
2.83  0.906269 -0.91209   -28.2042 -35.8351
2.84  0.803464 -1.02132   -28.1307 -35.7532
2.85  0.700659 -1.13055   -28.0573 -35.6714
2.86  0.597854 -1.23978   -27.9838 -35.5895
2.87  0.49505 -1.34901   -27.9103 -35.5077
2.88  0.392245 -1.45824   -27.8368 -35.4258
2.89  0.28944 -1.56747   -27.7633 -35.344
2.9  0.186636 -1.6767   -27.6898 -35.2621
2.91  0.0838309 -1.78593   -27.6164 -35.1803
2.92  -0.0189738 -1.89516   -27.5429 -35.0984
2.93  -0.121779 -2.00439   -27.4694 -35.0165
2.94  -0.224583 -2.11362   -27.3959 -34.9347
2.95  -0.327388 -2.22285   -27.3224 -34.8528
2.96  -0.430193 -2.33208   -27.2489 -34.771
2.97  -0.532997 -2.44131   -27.1755 -34.6891
2.98  -0.635802 -2.55054   -27.102 -34.6073
2.99  -0.738607 -2.65977   -27.0285 -34.5254
3  -0.841411 -2.769   -26.955 -34.4436
3.01  -0.944216 -2.87823   -26.8815 -34.3617
3.02  -1.04702 -2.98746   -26.808 -34.2799
3.03  -1.14983 -3.09669   -26.7346 -34.198
3.04  -1.25263 -3.20592   -26.6611 -34.1161
3.05  -1.35543 -3.31515   -26.5876 -34.0343
3.06  -1.45824 -3.42438   -26.5141 -33.9524
3.07  -1.56104 -3.53361   -26.4406 -33.8706
3.08  -1.66385 -3.64284   -26.3671 -33.7887
3.09  -1.76665 -3.75207   -26.2937 -33.7069
3.1  -1.86946 -3.8613   -26.2202 -33.625
3.11  -1.97226 -3.97053   -26.1467 -33.5432
3.12  -2.07507 -4.07976   -26.0732 -33.4613
3.13  -2.17787 -4.18899   -25.9997 -33.3794
3.14  -2.28068 -4.29822   -25.9262 -33.2976
3.15  -2.38348 -4.40745   -25.8528 -33.2157
3.16  -2.48629 -4.51668   -25.7793 -33.1339
3.17  -2.58909 -4.62591   -25.7058 -33.052
3.18  -2.6919 -4.73514   -25.6323 -32.9702
3.19  -2.7947 -4.84437   -25.5588 -32.8883
3.2  -2.89751 -4.9536   -25.4853 -32.8065
3.21  -3.00031 -5.06283   -25.4119 -32.7246
3.22  -3.10311 -5.17206   -25.3384 -32.6428
3.23  -3.20592 -5.28129   -25.2649 -32.5609
3.24  -3.30872 -5.39052   -25.1914 -32.479
3.25  -3.41153 -5.49975   -25.1179 -32.3972
3.26  -3.51433 -5.60898   -25.0445 -32.3153
3.27  -3.61714 -5.71821   -24.971 -32.2335
3.28  -3.71994 -5.82744   -24.8975 -32.1516
3.29  -3.82275 -5.93667   -24.824 -32.0698
3.3  -3.92555 -6.0459   -24.7505 -31.9879
3.31  -4.02836 -6.15513   -24.677 -31.9061
3.32  -4.13116 -6.26436   -24.6036 -31.8242
3.33  -4.23397 -6.37359   -24.5301 -31.7424
3.34  -4.33677 -6.48282   -24.4566 -31.6605
3.35  -4.43958 -6.59205   -24.3831 -31.5786
3.36  -4.54238 -6.70128   -24.3096 -31.4968
3.37  -4.64519 -6.81051   -24.2361 -31.4149
3.38  -4.74799 -6.91974   -24.1627 -31.3331
3.39  -4.85079 -7.02897   -24.0892 -31.2512
3.4  -4.9536 -7.1382   -24.0157 -31.1694
3.41  -5.0564 -7.24743   -23.9422 -31.0875
3.42  -5.15921 -7.35666   -23.8687 -31.0057
3.43  -5.26201 -7.46589   -23.7952 -30.9238
3.44  -5.36482 -7.57512   -23.7218 -30.842
3.45  -5.46762 -7.68435   -23.6483 -30.7601
3.46  -5.57043 -7.79358   -23.5748 -30.6782
3.47  -5.67323 -7.90281   -23.5013 -30.5964
3.48  -5.77604 -8.01204   -23.4278 -30.5145
3.49  -5.87884 -8.12127   -23.3543 -30.4327
3.5  -5.98165 -8.2305   -23.2809 -30.3508
3.51  -6.08445 -8.33973   -23.2074 -30.269
3.52  -6.18726 -8.44896   -23.1339 -30.1871
3.53  -6.29006 -8.55819   -23.0604 -30.1053
3.54  -6.39287 -8.66742   -22.9869 -30.0234
3.55  -6.49567 -8.77665   -22.9134 -29.9415
3.56  -6.59847 -8.88588   -22.84 -29.8597
3.57  -6.70128 -8.99511   -22.7665 -29.7778
3.58  -6.80408 -9.10434   -22.693 -29.696
3.59  -6.90689 -9.21357   -22.6195 -29.6141
3.6  -7.00969 -9.3228   -22.546 -29.5323
3.61  -7.1125 -9.43203   -22.4725 -29.4504
3.62  -7.2153 -9.54126   -22.3991 -29.3686
3.63  -7.31811 -9.65049   -22.3256 -29.2867
3.64  -7.42091 -9.75972   -22.2521 -29.2049
3.65  -7.52372 -9.86895   -22.1786 -29.123
3.66  -7.62652 -9.97818   -22.1051 -29.0411
3.67  -7.72933 -10.0874   -22.0316 -28.9593
3.68  -7.83213 -10.1966   -21.9582 -28.8774
3.69  -7.93494 -10.3059   -21.8847 -28.7956
3.7  -8.03774 -10.4151   -21.8112 -28.7137
3.71  -8.14055 -10.5243   -21.7377 -28.6319
3.72  -8.24335 -10.6336   -21.6642 -28.55
3.73  -8.34615 -10.7428   -21.5907 -28.4682
3.74  -8.44896 -10.852   -21.5173 -28.3863
3.75  -8.55176 -10.9612   -21.4438 -28.3045
3.76  -8.65457 -11.0705   -21.3703 -28.2226
3.77  -8.75737 -11.1797   -21.2968 -28.1407
3.78  -8.86018 -11.2889   -21.2233 -28.0589
3.79  -8.96298 -11.3982   -21.1498 -27.977
3.8  -9.06579 -11.5074   -21.0764 -27.8952
3.81  -9.16859 -11.6166   -21.0029 -27.8133
3.82  -9.2714 -11.7259   -20.9294 -27.7315
3.83  -9.3742 -11.8351   -20.8559 -27.6496
3.84  -9.47701 -11.9443   -20.7824 -27.5678
3.85  -9.57981 -12.0535   -20.7089 -27.4859
3.86  -9.68262 -12.1628   -20.6355 -27.404
3.87  -9.78542 -12.272   -20.562 -27.3222
3.88  -9.88823 -12.3812   -20.4885 -27.2403
3.89  -9.99103 -12.4905   -20.415 -27.1585
3.9  -10.0938 -12.5997   -20.3415 -27.0766
3.91  -10.1966 -12.7089   -20.268 -26.9948
3.92  -10.2994 -12.8182   -20.1946 -26.9129
3.93  -10.4022 -12.9274   -20.1211 -26.8311
3.94  -10.5051 -13.0366   -20.0476 -26.7492
3.95  -10.6079 -13.1458   -19.9741 -26.6674
3.96  -10.7107 -13.2551   -19.9006 -26.5855
3.97  -10.8135 -13.3643   -19.8271 -26.5036
3.98  -10.9163 -13.4735   -19.7537 -26.4218
3.99  -11.0191 -13.5828   -19.6802 -26.3399
4  -11.1219 -13.692   -19.6067 -26.2581
4.01  -11.2247 -13.8012   -19.5332 -26.1762
4.02  -11.3275 -13.9105   -19.4597 -26.0944
4.03  -11.4303 -14.0197   -19.3862 -26.0125
4.04  -11.5331 -14.1289   -19.3128 -25.9307
4.05  -11.6027 -14.1874   -19.2725 -25.8995
4.06  -11.6352 -14.1894   -19.2693 -25.9249
4.07  -11.6684 -14.1911   -19.2653 -25.9506
4.08  -11.702 -14.1926   -19.2611 -25.9765
4.09  -11.7359 -14.194   -19.2564 -26.0026
4.1  -11.7701 -14.1953   -19.2514 -26.0287
4.11  -11.8047 -14.1965   -19.246 -26.0551
4.12  -11.8396 -14.1975   -19.2402 -26.0815
4.13  -11.8749 -14.1983   -19.234 -26.1081
4.14  -11.9106 -14.1991   -19.2274 -26.1349
4.15  -11.9466 -14.1997   -19.2204 -26.1618
4.16  -11.9831 -14.2002   -19.213 -26.1889
4.17  -12.0199 -14.2006   -19.2052 -26.2161
4.18  -12.0572 -14.2008   -19.1969 -26.2434
4.19  -12.0948 -14.201   -19.1882 -26.2709
4.2  -12.1329 -14.2009   -19.179 -26.2986
4.21  -12.1714 -14.2008   -19.1694 -26.3263
4.22  -12.2104 -14.2006   -19.1593 -26.3542
4.23  -12.2497 -14.2002   -19.1488 -26.3823
4.24  -12.2896 -14.1997   -19.1377 -26.4105
4.25  -12.3299 -14.1991   -19.1262 -26.4388
4.26  -12.3706 -14.1984   -19.1141 -26.4673
4.27  -12.4119 -14.1975   -19.1015 -26.4959
4.28  -12.4536 -14.1966   -19.0885 -26.5246
4.29  -12.4959 -14.1955   -19.0748 -26.5534
4.3  -12.5386 -14.1944   -19.0607 -26.5824
4.31  -12.5819 -14.1931   -19.046 -26.6115
4.32  -12.6257 -14.1918   -19.0307 -26.6407
4.33  -12.67 -14.1903   -19.0148 -26.67
4.34  -12.7148 -14.1888   -18.9984 -26.6994
4.35  -12.7603 -14.1871   -18.9814 -26.729
4.36  -12.8062 -14.1854   -18.9637 -26.7586
4.37  -12.8528 -14.1836   -18.9455 -26.7883
4.38  -12.9 -14.1817   -18.9266 -26.8182
4.39  -12.9477 -14.1798   -18.9071 -26.8481
4.4  -12.9961 -14.1778   -18.887 -26.8781
4.41  -13.045 -14.1757   -18.8662 -26.9082
4.42  -13.0947 -14.1736   -18.8447 -26.9383
4.43  -13.1449 -14.1715   -18.8225 -26.9685
4.44  -13.1958 -14.1693   -18.7996 -26.9988
4.45  -13.2474 -14.167   -18.776 -27.0291
4.46  -13.2996 -14.1648   -18.7518 -27.0595
4.47  -13.3525 -14.1625   -18.7267 -27.0899
4.48  -13.4062 -14.1602   -18.701 -27.1203
4.49  -13.4605 -14.1579   -18.6744 -27.1508
4.5  -13.5156 -14.1556   -18.6471 -27.1813
4.51  -13.5714 -14.1534   -18.6191 -27.2117
4.52  -13.6279 -14.1511   -18.5902 -27.2422
4.53  -13.6852 -14.1489   -18.5605 -27.2726
4.54  -13.7433 -14.1468   -18.53 -27.303
4.55  -13.8021 -14.1447   -18.4987 -27.3334
4.56  -13.8618 -14.1426   -18.4666 -27.3637
4.57  -13.9222 -14.1407   -18.4335 -27.3939
4.58  -13.9835 -14.1389   -18.3997 -27.4241
4.59  -14.0456 -14.1371   -18.3649 -27.4542
4.6  -14.1086 -14.1355   -18.3292 -27.4841
4.61  -14.1724 -14.134   -18.2927 -27.514
4.62  -14.2371 -14.1327   -18.2552 -27.5437
4.63  -14.3026 -14.1315   -18.2167 -27.5732
4.64  -14.3691 -14.1306   -18.1774 -27.6026
4.65  -14.4364 -14.1298   -18.1371 -27.6318
4.66  -14.5047 -14.1292   -18.0958 -27.6608
4.67  -14.5739 -14.1289   -18.0535 -27.6896
4.68  -14.644 -14.1288   -18.0102 -27.7181
4.69  -14.7151 -14.129   -17.966 -27.7464
4.7  -14.7872 -14.1295   -17.9207 -27.7744
4.71  -14.8602 -14.1304   -17.8744 -27.802
4.72  -14.9342 -14.1315   -17.8271 -27.8294
4.73  -15.0092 -14.1331   -17.7787 -27.8564
4.74  -15.0852 -14.135   -17.7292 -27.883
4.75  -15.1622 -14.1373   -17.6787 -27.9092
4.76  -15.2402 -14.14   -17.6272 -27.935
4.77  -15.3193 -14.1432   -17.5745 -27.9604
4.78  -15.3994 -14.1469   -17.5208 -27.9853
4.79  -15.4805 -14.1511   -17.4659 -28.0096
4.8  -15.5627 -14.1559   -17.41 -28.0335
4.81  -15.6459 -14.1612   -17.3529 -28.0567
4.82  -15.7302 -14.1671   -17.2948 -28.0794
4.83  -15.8156 -14.1737   -17.2355 -28.1015
4.84  -15.902 -14.1809   -17.1751 -28.1229
4.85  -15.9895 -14.1888   -17.1136 -28.1436
4.86  -16.0781 -14.1974   -17.0509 -28.1636
4.87  -16.1678 -14.2068   -16.9871 -28.1828
4.88  -16.2585 -14.217   -16.9222 -28.2012
4.89  -16.3504 -14.228   -16.8562 -28.2188
4.9  -16.4433 -14.2399   -16.789 -28.2356
4.91  -16.5372 -14.2526   -16.7207 -28.2514
4.92  -16.6323 -14.2663   -16.6513 -28.2663
4.93  -16.7284 -14.281   -16.5808 -28.2803
4.94  -16.8255 -14.2967   -16.5092 -28.2932
4.95  -16.9238 -14.3135   -16.4365 -28.305
4.96  -17.023 -14.3314   -16.3627 -28.3158
4.97  -17.1233 -14.3504   -16.2879 -28.3254
4.98  -17.2246 -14.3705   -16.212 -28.3339
4.99  -17.3269 -14.3919   -16.135 -28.3411
5  -17.4302 -14.4146   -16.0571 -28.347
5.01  -17.5345 -14.4385   -15.9781 -28.3517
5.02  -17.6397 -14.4638   -15.8981 -28.355
5.03  -17.7459 -14.4904   -15.8172 -28.3569
5.04  -17.853 -14.5185   -15.7353 -28.3574
5.05  -17.9609 -14.5481   -15.6525 -28.3565
5.06  -18.0698 -14.5792   -15.5689 -28.354
5.07  -18.1794 -14.6118   -15.4843 -28.3499
5.08  -18.2899 -14.646   -15.399 -28.3443
5.09  -18.4011 -14.6819   -15.3129 -28.337
5.1  -18.5131 -14.7194   -15.226 -28.328
5.11  -18.6257 -14.7586   -15.1384 -28.3174
5.12  -18.7391 -14.7996   -15.0502 -28.3049
5.13  -18.853 -14.8424   -14.9613 -28.2907
5.14  -18.9675 -14.8871   -14.8719 -28.2746
5.15  -19.0826 -14.9336   -14.7819 -28.2566
5.16  -19.1981 -14.982   -14.6914 -28.2368
5.17  -19.3141 -15.0324   -14.6005 -28.215
5.18  -19.4305 -15.0847   -14.5092 -28.1912
5.19  -19.5472 -15.139   -14.4177 -28.1655
5.2  -19.6641 -15.1954   -14.3258 -28.1377
5.21  -19.7813 -15.2538   -14.2338 -28.1078
5.22  -19.8986 -15.3144   -14.1416 -28.0759
5.23  -20.0161 -15.377   -14.0493 -28.0419
5.24  -20.1335 -15.4418   -13.9571 -28.0057
5.25  -20.251 -15.5087   -13.8649 -27.9674
5.26  -20.3683 -15.5778   -13.7729 -27.9269
5.27  -20.4854 -15.6491   -13.681 -27.8843
5.28  -20.6024 -15.7226   -13.5895 -27.8395
5.29  -20.719 -15.7983   -13.4983 -27.7926
5.3  -20.8352 -15.8762   -13.4075 -27.7434
5.31  -20.9509 -15.9564   -13.3172 -27.6921
5.32  -21.0661 -16.0387   -13.2276 -27.6386
5.33  -21.1807 -16.1232   -13.1385 -27.5829
5.34  -21.2947 -16.21   -13.0503 -27.525
5.35  -21.4078 -16.2989   -12.9628 -27.465
5.36  -21.5201 -16.39   -12.8763 -27.4029
5.37  -21.6315 -16.4833   -12.7907 -27.3387
5.38  -21.7419 -16.5787   -12.7062 -27.2724
5.39  -21.8513 -16.6762   -12.6228 -27.204
5.4  -21.9594 -16.7757   -12.5406 -27.1336
5.41  -22.0664 -16.8774   -12.4597 -27.0613
5.42  -22.172 -16.981   -12.3802 -26.987
5.43  -22.2763 -17.0866   -12.3021 -26.9108
5.44  -22.3792 -17.1941   -12.2256 -26.8327
5.45  -22.4805 -17.3034   -12.1506 -26.7529
5.46  -22.5803 -17.4146   -12.0772 -26.6713
5.47  -22.6784 -17.5276   -12.0056 -26.5881
5.48  -22.7747 -17.6422   -11.9358 -26.5032
5.49  -22.8694 -17.7585   -11.8678 -26.4168
5.5  -22.9621 -17.8764   -11.8015 -26.329
5.51  -23.0528 -17.9959   -11.7351 -26.2412
5.52  -23.1411 -18.1171   -11.6688 -26.1535
5.53  -23.2294 -18.2384   -11.6025 -26.0657
5.54  -23.3177 -18.3596   -11.5362 -25.9779
5.55  -23.406 -18.4809   -11.4699 -25.8902
5.56  -23.4943 -18.6022   -11.4036 -25.8024
5.57  -23.5826 -18.7234   -11.3373 -25.7146
5.58  -23.6709 -18.8447   -11.271 -25.6268
5.59  -23.7592 -18.9659   -11.2047 -25.5391
5.6  -23.8475 -19.0872   -11.1384 -25.4513
5.61  -23.9358 -19.2084   -11.0721 -25.3635
5.62  -24.0241 -19.3297   -11.0058 -25.2758
5.63  -24.1124 -19.4509   -10.9394 -25.188
5.64  -24.2007 -19.5722   -10.8731 -25.1002
5.65  -24.289 -19.6935   -10.8068 -25.0125
5.66  -24.3773 -19.8147   -10.7405 -24.9247
5.67  -24.4656 -19.936   -10.6742 -24.8369
5.68  -24.5539 -20.0572   -10.6079 -24.7492
5.69  -24.6422 -20.1785   -10.5416 -24.6614
5.7  -24.7305 -20.2997   -10.4753 -24.5736
5.71  -24.8188 -20.421   -10.409 -24.4859
5.72  -24.9071 -20.5422   -10.3427 -24.3981
5.73  -24.9954 -20.6635   -10.2764 -24.3103
5.74  -25.0837 -20.7848   -10.21 -24.2226
5.75  -25.172 -20.906   -10.1437 -24.1348
5.76  -25.2603 -21.0273   -10.0774 -24.047
5.77  -25.3486 -21.1485   -10.0111 -23.9593
5.78  -25.4369 -21.2698   -9.94481 -23.8715
5.79  -25.5252 -21.391   -9.8785 -23.7837
5.8  -25.6135 -21.5123   -9.81219 -23.696
5.81  -25.7018 -21.6335   -9.74588 -23.6082
5.82  -25.7901 -21.7548   -9.67957 -23.5204
5.83  -25.8784 -21.8761   -9.61326 -23.4327
5.84  -25.9667 -21.9973   -9.54695 -23.3449
5.85  -26.055 -22.1186   -9.48065 -23.2571
5.86  -26.1433 -22.2398   -9.41434 -23.1694
5.87  -26.2316 -22.3611   -9.34803 -23.0816
5.88  -26.3199 -22.4823   -9.28172 -22.9938
5.89  -26.4082 -22.6036   -9.21541 -22.9061
5.9  -26.4965 -22.7249   -9.1491 -22.8183
5.91  -26.5848 -22.8461   -9.08279 -22.7305
5.92  -26.6731 -22.9674   -9.01648 -22.6428
5.93  -26.7614 -23.0886   -8.95017 -22.555
5.94  -26.8497 -23.2099   -8.88386 -22.4672
5.95  -26.938 -23.3311   -8.81756 -22.3795
5.96  -27.0263 -23.4524   -8.75125 -22.2917
5.97  -27.1146 -23.5736   -8.68494 -22.2039
5.98  -27.2029 -23.6949   -8.61863 -22.1162
5.99  -27.2912 -23.8162   -8.55232 -22.0284
6  -27.3795 -23.9374   -8.48601 -21.9406
6.01  -27.4678 -24.0587   -8.4197 -21.8528
6.02  -27.5561 -24.1799   -8.35339 -21.7651
6.03  -27.6444 -24.3012   -8.28708 -21.6773
6.04  -27.7327 -24.4224   -8.22078 -21.5895
6.05  -27.821 -24.5437   -8.15447 -21.5018
6.06  -27.9094 -24.6649   -8.08816 -21.414
6.07  -27.9977 -24.7862   -8.02185 -21.3262
6.08  -28.086 -24.9075   -7.95554 -21.2385
6.09  -28.1743 -25.0287   -7.88923 -21.1507
6.1  -28.2626 -25.15   -7.82292 -21.0629
6.11  -28.3509 -25.2712   -7.75661 -20.9752
6.12  -28.4392 -25.3925   -7.6903 -20.8874
6.13  -28.5275 -25.5137   -7.62399 -20.7996
6.14  -28.6158 -25.635   -7.55769 -20.7119
6.15  -28.7041 -25.7562   -7.49138 -20.6241
6.16  -28.7924 -25.8775   -7.42507 -20.5363
6.17  -28.8807 -25.9988   -7.35876 -20.4486
6.18  -28.969 -26.12   -7.29245 -20.3608
6.19  -29.0573 -26.2413   -7.22614 -20.273
6.2  -29.1456 -26.3625   -7.15983 -20.1853
6.21  -29.2339 -26.4838   -7.09352 -20.0975
6.22  -29.3222 -26.605   -7.02721 -20.0097
6.23  -29.4105 -26.7263   -6.96091 -19.922
6.24  -29.4988 -26.8475   -6.8946 -19.8342
6.25  -29.5871 -26.9688   -6.82829 -19.7464
6.26  -29.6754 -27.0901   -6.76198 -19.6587
6.27  -29.7637 -27.2113   -6.69567 -19.5709
6.28  -29.852 -27.3326   -6.62936 -19.4831
6.29  -29.9403 -27.4538   -6.56305 -19.3954
6.3  -30.0286 -27.5751   -6.49674 -19.3076
6.31  -30.1169 -27.6963   -6.43043 -19.2198
6.32  -30.2052 -27.8176   -6.36412 -19.1321
6.33  -30.2935 -27.9388   -6.29782 -19.0443
6.34  -30.3818 -28.0601   -6.23151 -18.9565
6.35  -30.4701 -28.1814   -6.1652 -18.8688
6.36  -30.5584 -28.3026   -6.09889 -18.781
6.37  -30.6467 -28.4239   -6.03258 -18.6932
6.38  -30.735 -28.5451   -5.96627 -18.6055
6.39  -30.8233 -28.6664   -5.89996 -18.5177
6.4  -30.9116 -28.7876   -5.83365 -18.4299
6.41  -30.9999 -28.9089   -5.76734 -18.3422
6.42  -31.0882 -29.0301   -5.70104 -18.2544
6.43  -31.1765 -29.1514   -5.63473 -18.1666
6.44  -31.2648 -29.2727   -5.56842 -18.0788
6.45  -31.3531 -29.3939   -5.50211 -17.9911
6.46  -31.4414 -29.5152   -5.4358 -17.9033
6.47  -31.5297 -29.6364   -5.36949 -17.8155
6.48  -31.618 -29.7577   -5.30318 -17.7278
6.49  -31.7063 -29.8789   -5.23687 -17.64
6.5  -31.7946 -30.0002   -5.17056 -17.5522
6.51  -31.8829 -30.1214   -5.10425 -17.4645
6.52  -31.9712 -30.2427   -5.03795 -17.3767
6.53  -32.0595 -30.364   -4.97164 -17.2889
6.54  -32.1478 -30.4852   -4.90533 -17.2012
6.55  -32.2361 -30.6065   -4.83902 -17.1134
6.56  -32.3244 -30.7277   -4.77271 -17.0256
6.57  -32.4127 -30.849   -4.7064 -16.9379
6.58  -32.501 -30.9702   -4.64009 -16.8501
6.59  -32.5893 -31.0915   -4.57378 -16.7623
6.6  -32.6776 -31.2127   -4.50747 -16.6746
6.61  -32.7659 -31.334   -4.44117 -16.5868
6.62  -32.8542 -31.4553   -4.37486 -16.499
6.63  -32.9425 -31.5765   -4.30855 -16.4113
6.64  -33.0308 -31.6978   -4.24224 -16.3235
6.65  -33.1191 -31.819   -4.17593 -16.2357
6.66  -33.2074 -31.9403   -4.10962 -16.148
6.67  -33.2957 -32.0615   -4.04331 -16.0602
6.68  -33.384 -32.1828   -3.977 -15.9724
6.69  -33.4723 -32.304   -3.91069 -15.8847
6.7  -33.5606 -32.4253   -3.84438 -15.7969
6.71  -33.6489 -32.5466   -3.77808 -15.7091
6.72  -33.7372 -32.6678   -3.71177 -15.6214
6.73  -33.8255 -32.7891   -3.64546 -15.5336
6.74  -33.9138 -32.9103   -3.57915 -15.4458
6.75  -34.0021 -33.0316   -3.51284 -15.3581
6.76  -34.0904 -33.1528   -3.44653 -15.2703
6.77  -34.1787 -33.2741   -3.38022 -15.1825
6.78  -34.267 -33.3953   -3.31391 -15.0948
6.79  -34.3553 -33.5166   -3.2476 -15.007
6.8  -34.4436 -33.6379   -3.1813 -14.9192
6.81  -34.5319 -33.7591   -3.11499 -14.8315
6.82  -34.6202 -33.8804   -3.04868 -14.7437
6.83  -34.7085 -34.0016   -2.98237 -14.6559
6.84  -34.7968 -34.1229   -2.91606 -14.5682
6.85  -34.8851 -34.2441   -2.84975 -14.4804
6.86  -34.9734 -34.3654   -2.78344 -14.3926
6.87  -35.0617 -34.4866   -2.71713 -14.3048
6.88  -35.15 -34.6079   -2.65082 -14.2171
6.89  -35.2383 -34.7292   -2.58451 -14.1293
6.9  -35.3266 -34.8504   -2.51821 -14.0415
6.91  -35.4149 -34.9717   -2.4519 -13.9538
6.92  -35.5032 -35.0929   -2.38559 -13.866
6.93  -35.5915 -35.2142   -2.31928 -13.7782
6.94  -35.6798 -35.3354   -2.25297 -13.6905
6.95  -35.7681 -35.4567   -2.18666 -13.6027
6.96  -35.8564 -35.5779   -2.12035 -13.5149
6.97  -35.9447 -35.6992   -2.05404 -13.4272
6.98  -36.033 -35.8205   -1.98773 -13.3394
6.99  -36.1213 -35.9417   -1.92143 -13.2516
7  -36.2096 -36.063   -1.85512 -13.1639
7.01  -36.2979 -36.1842   -1.78881 -13.0761
7.02  -36.3862 -36.3055   -1.7225 -12.9883
7.03  -36.4745 -36.4267   -1.65619 -12.9006
7.04  -36.5628 -36.548   -1.58988 -12.8128
7.05  -36.6511 -36.6693   -1.52357 -12.725
7.06  -36.7395 -36.7905   -1.45726 -12.6373
7.07  -36.8278 -36.9118   -1.39095 -12.5495
7.08  -36.9161 -37.033   -1.32464 -12.4617
7.09  -37.0044 -37.1543   -1.25834 -12.374
7.1  -37.0927 -37.2755   -1.19203 -12.2862
7.11  -37.181 -37.3968   -1.12572 -12.1984
7.12  -37.2693 -37.518   -1.05941 -12.1107
7.13  -37.3576 -37.6393   -0.9931 -12.0229
7.14  -37.4459 -37.7606   -0.926791 -11.9351
7.15  -37.5342 -37.8818   -0.860482 -11.8474
7.16  -37.6225 -38.0031   -0.794173 -11.7596
7.17  -37.7108 -38.1243   -0.727864 -11.6718
7.18  -37.7991 -38.2456   -0.661555 -11.5841
7.19  -37.8874 -38.3668   -0.595246 -11.4963
7.2  -37.9757 -38.4881   -0.528937 -11.4085
7.21  -38.064 -38.6093   -0.462628 -11.3208
7.22  -38.1523 -38.7306   -0.396319 -11.233
7.23  -38.2406 -38.8519   -0.33001 -11.1452
7.24  -38.3289 -38.9731   -0.263702 -11.0575
7.25  -38.4172 -39.0944   -0.197393 -10.9697
7.26  -38.5055 -39.2156   -0.131084 -10.8819
7.27  -38.5938 -39.3369   -0.0647747 -10.7942
7.28  -38.6821 -39.4581   0.00153424 -10.7064
7.29  -38.7704 -39.5794   0.0678432 -10.6186
7.3  -38.8587 -39.7006   0.134152 -10.5308
7.31  -38.947 -39.8219   0.200461 -10.4431
7.32  -39.0353 -39.9432   0.26677 -10.3553
7.33  -39.1236 -40.0644   0.333079 -10.2675
7.34  -39.2119 -40.1857   0.399388 -10.1798
7.35  -39.3002 -40.3069   0.465697 -10.092
7.36  -39.3885 -40.4282   0.532006 -10.0042
7.37  -39.4768 -40.5494   0.598315 -9.91648
7.38  -39.5651 -40.6707   0.664624 -9.82871
7.39  -39.6534 -40.7919   0.730933 -9.74094
7.4  -39.7417 -40.9132   0.797242 -9.65318
7.41  -39.83 -41.0345   0.863551 -9.56541
7.42  -39.9183 -41.1557   0.92986 -9.47764
7.43  -40.0066 -41.277   0.996168 -9.38987
7.44  -40.0949 -41.3982   1.06248 -9.30211
7.45  -40.1832 -41.5195   1.12879 -9.21434
7.46  -40.2715 -41.6407   1.1951 -9.12657
7.47  -40.3598 -41.762   1.2614 -9.0388
7.48  -40.4481 -41.8832   1.32771 -8.95104
7.49  -40.5364 -42.0045   1.39402 -8.86327
7.5  -40.6247 -42.1258   1.46033 -8.7755
7.51  -40.713 -42.247   1.52664 -8.68773
7.52  -40.8013 -42.3683   1.59295 -8.59997
7.53  -40.8896 -42.4895   1.65926 -8.5122
7.54  -40.9779 -42.6108   1.72557 -8.42443
7.55  -41.0662 -42.732   1.79188 -8.33666
7.56  -41.1545 -42.8533   1.85818 -8.2489
7.57  -41.2428 -42.9745   1.92449 -8.16113
7.58  -41.3304 -43.0948   1.9908 -8.07336
7.59  -41.4171 -43.2139   2.05711 -7.98559
7.6  -41.5029 -43.3317   2.12342 -7.89783
7.61  -41.5879 -43.4484   2.18973 -7.81006
7.62  -41.672 -43.5639   2.25604 -7.72229
7.63  -41.7553 -43.6783   2.32235 -7.63452
7.64  -41.8377 -43.7915   2.38866 -7.54676
7.65  -41.9193 -43.9036   2.45497 -7.45899
7.66  -42.0001 -44.0145   2.52127 -7.37122
7.67  -42.0801 -44.1244   2.58758 -7.28345
7.68  -42.1593 -44.2331   2.65389 -7.19569
7.69  -42.2378 -44.3408   2.7202 -7.10792
7.7  -42.3154 -44.4474   2.78651 -7.02015
7.71  -42.3922 -44.5529   2.85282 -6.93238
7.72  -42.4683 -44.6574   2.91913 -6.84462
7.73  -42.5436 -44.7608   2.98544 -6.75685
7.74  -42.6182 -44.8632   3.05175 -6.66908
7.75  -42.692 -44.9646   3.11805 -6.58131
7.76  -42.7651 -45.0649   3.18436 -6.49355
7.77  -42.8374 -45.1643   3.25067 -6.40578
7.78  -42.9091 -45.2627   3.31698 -6.31801
7.79  -42.98 -45.36   3.38329 -6.23025
7.8  -43.0502 -45.4564   3.4496 -6.14248
7.81  -43.1197 -45.5519   3.51591 -6.05471
7.82  -43.1885 -45.6463   3.58222 -5.96694
7.83  -43.2566 -45.7399   3.64853 -5.87918
7.84  -43.324 -45.8325   3.71484 -5.79141
7.85  -43.3908 -45.9242   3.78114 -5.70364
7.86  -43.4569 -46.0149   3.84745 -5.61587
7.87  -43.5223 -46.1048   3.91376 -5.52811
7.88  -43.5871 -46.1937   3.98007 -5.44034
7.89  -43.6512 -46.2818   4.04638 -5.35257
7.9  -43.7147 -46.369   4.11269 -5.2648
7.91  -43.7775 -46.4553   4.179 -5.17704
7.92  -43.8398 -46.5407   4.24531 -5.08927
7.93  -43.9014 -46.6253   4.31162 -5.0015
7.94  -43.9624 -46.7091   4.37792 -4.91373
7.95  -44.0227 -46.792   4.44423 -4.82597
7.96  -44.0825 -46.8741   4.51054 -4.7382
7.97  -44.1417 -46.9553   4.57685 -4.65043
7.98  -44.2003 -47.0358   4.64316 -4.56266
7.99  -44.2583 -47.1154   4.70947 -4.4749
8  -44.3157 -47.1942   4.77578 -4.38713
8.01  -44.3725 -47.2723   4.84209 -4.29936
8.02  -44.4288 -47.3496   4.9084 -4.21159
8.03  -44.4845 -47.4261   4.97471 -4.12383
8.04  -44.5397 -47.5018   5.04101 -4.03606
8.05  -44.5943 -47.5768   5.10732 -3.94829
8.06  -44.6483 -47.651   5.17363 -3.86052
8.07  -44.7018 -47.7245   5.23994 -3.77276
8.08  -44.7548 -47.7973   5.30625 -3.68499
8.09  -44.8073 -47.8693   5.37256 -3.59722
8.1  -44.8592 -47.9406   5.43887 -3.50945
8.11  -44.9106 -48.0112   5.50518 -3.42169
8.12  -44.9615 -48.0811   5.57149 -3.33392
8.13  -45.0119 -48.1503   5.63779 -3.24615
8.14  -45.0618 -48.2188   5.7041 -3.15838
8.15  -45.1112 -48.2866   5.77041 -3.07062
8.16  -45.16 -48.3537   5.83672 -2.98285
8.17  -45.2084 -48.4202   5.90303 -2.89508
8.18  -45.2564 -48.486   5.96934 -2.80731
8.19  -45.3038 -48.5511   6.03565 -2.71955
8.2  -45.3508 -48.6156   6.10196 -2.63178
8.21  -45.3972 -48.6795   6.16827 -2.54401
8.22  -45.4433 -48.7427   6.23458 -2.45625
8.23  -45.4888 -48.8052   6.30088 -2.36848
8.24  -45.534 -48.8672   6.36719 -2.28071
8.25  -45.5786 -48.9285   6.4335 -2.19294
8.26  -45.6228 -48.9892   6.49981 -2.10518
8.27  -45.6666 -49.0493   6.56612 -2.01741
8.28  -45.7099 -49.1088   6.63243 -1.92964
8.29  -45.7528 -49.1678   6.69874 -1.84187
8.3  -45.7953 -49.2261   6.76505 -1.75411
8.31  -45.8374 -49.2838   6.83136 -1.66634
8.32  -45.879 -49.341   6.89766 -1.57857
8.33  -45.9202 -49.3976   6.96397 -1.4908
8.34  -45.961 -49.4536   7.03028 -1.40304
8.35  -46.0014 -49.5091   7.09659 -1.31527
8.36  -46.0414 -49.564   7.1629 -1.2275
8.37  -46.081 -49.6183   7.22921 -1.13973
8.38  -46.1201 -49.6721   7.29552 -1.05197
8.39  -46.1589 -49.7254   7.36183 -0.964199
8.4  -46.1974 -49.7782   7.42814 -0.876431
8.41  -46.2354 -49.8304   7.49445 -0.788664
8.42  -46.273 -49.8821   7.56075 -0.700896
8.43  -46.3103 -49.9333   7.62706 -0.613129
8.44  -46.3472 -49.9839   7.69337 -0.525361
8.45  -46.3837 -50.0341   7.75968 -0.437594
8.46  -46.4199 -50.0838   7.82599 -0.349827
8.47  -46.4557 -50.1329   7.8923 -0.262059
8.48  -46.4911 -50.1816   7.95861 -0.174292
8.49  -46.5262 -50.2298   8.02492 -0.0865242
8.5  -46.561 -50.2775   8.09123 0.00124323
8.51  -46.5953 -50.3247   8.15753 0.0890107
8.52  -46.6294 -50.3714   8.22384 0.176778
8.53  -46.6631 -50.4177   8.29015 0.264546
8.54  -46.6965 -50.4636   8.35646 0.352313
8.55  -46.7295 -50.5089   8.42277 0.44008
8.56  -46.7622 -50.5538   8.48908 0.527848
8.57  -46.7946 -50.5983   8.55539 0.615615
8.58  -46.8266 -50.6423   8.6217 0.703383
8.59  -46.8584 -50.6859   8.68801 0.79115
8.6  -46.8898 -50.729   8.75432 0.878918
8.61  -46.9209 -50.7717   8.82062 0.966685
8.62  -46.9517 -50.814   8.88693 1.05445
8.63  -46.9822 -50.8559   8.95324 1.14222
8.64  -47.0123 -50.8973   9.01955 1.22999
8.65  -47.0422 -50.9383   9.08586 1.31775
8.66  -47.0718 -50.979   9.15217 1.40552
8.67  -47.1011 -51.0192   9.21848 1.49329
8.68  -47.1301 -51.059   9.28479 1.58106
8.69  -47.1588 -51.0984   9.3511 1.66882
8.7  -47.1872 -51.1374   9.4174 1.75659
8.71  -47.2153 -51.176   9.48371 1.84436
8.72  -47.2432 -51.2143   9.55002 1.93213
8.73  -47.2707 -51.2521   9.61633 2.01989
8.74  -47.298 -51.2896   9.68264 2.10766
8.75  -47.325 -51.3267   9.74895 2.19543
8.76  -47.3518 -51.3634   9.81526 2.2832
8.77  -47.3783 -51.3998   9.88157 2.37096
8.78  -47.4045 -51.4358   9.94788 2.45873
8.79  -47.4304 -51.4715   10.0142 2.5465
8.8  -47.4561 -51.5067   10.0805 2.63427
8.81  -47.4816 -51.5417   10.1468 2.72203
8.82  -47.5068 -51.5763   10.2131 2.8098
8.83  -47.5317 -51.6105   10.2794 2.89757
8.84  -47.5564 -51.6444   10.3457 2.98534
8.85  -47.5808 -51.6779   10.412 3.0731
8.86  -47.605 -51.7112   10.4783 3.16087
8.87  -47.629 -51.7441   10.5447 3.24864
8.88  -47.6527 -51.7766   10.611 3.33641
8.89  -47.6761 -51.8088   10.6773 3.42417
8.9  -47.6994 -51.8408   10.7436 3.51194
8.91  -47.7224 -51.8724   10.8099 3.59971
8.92  -47.7452 -51.9036   10.8762 3.68748
8.93  -47.7677 -51.9346   10.9425 3.77524
8.94  -47.79 -51.9652   11.0088 3.86301
8.95  -47.8121 -51.9956   11.0751 3.95078
8.96  -47.834 -52.0256   11.1414 4.03855
8.97  -47.8557 -52.0554   11.2077 4.12631
8.98  -47.8771 -52.0848   11.2741 4.21408
8.99  -47.8983 -52.114   11.3404 4.30185
9  -47.9194 -52.1428   11.4067 4.38962
9.01  -47.9402 -52.1714   11.473 4.47738
9.02  -47.9608 -52.1997   11.5393 4.56515
9.03  -47.9812 -52.2277   11.6056 4.65292
9.04  -48.0013 -52.2554   11.6719 4.74068
9.05  -48.0213 -52.2829   11.7382 4.82845
9.06  -48.0411 -52.31   11.8045 4.91622
9.07  -48.0607 -52.3369   11.8708 5.00399
9.08  -48.0801 -52.3636   11.9371 5.09175
9.09  -48.0993 -52.3899   12.0035 5.17952
9.1  -48.1183 -52.416   12.0698 5.26729
9.11  -48.1371 -52.4419   12.1361 5.35506
9.12  -48.1557 -52.4675   12.2024 5.44282
9.13  -48.1742 -52.4928   12.2687 5.53059
9.14  -48.1924 -52.5179   12.335 5.61836
9.15  -48.2105 -52.5427   12.4013 5.70613
9.16  -48.2284 -52.5673   12.4676 5.79389
9.17  -48.2461 -52.5916   12.5339 5.88166
9.18  -48.2637 -52.6157   12.6002 5.96943
9.19  -48.281 -52.6395   12.6665 6.0572
9.2  -48.2982 -52.6631   12.7329 6.14496
9.21  -48.3152 -52.6865   12.7992 6.23273
9.22  -48.3321 -52.7096   12.8655 6.3205
9.23  -48.3488 -52.7325   12.9318 6.40827
9.24  -48.3653 -52.7552   12.9981 6.49603
9.25  -48.3816 -52.7776   13.0644 6.5838
9.26  -48.3978 -52.7999   13.1307 6.67157
9.27  -48.4138 -52.8219   13.197 6.75934
9.28  -48.4297 -52.8436   13.2633 6.8471
9.29  -48.4454 -52.8652   13.3296 6.93487
9.3  -48.4609 -52.8866   13.3959 7.02264
9.31  -48.4763 -52.9077   13.4623 7.11041
9.32  -48.4916 -52.9286   13.5286 7.19817
9.33  -48.5067 -52.9493   13.5949 7.28594
9.34  -48.5216 -52.9698   13.6612 7.37371
9.35  -48.5364 -52.9901   13.7275 7.46148
9.36  -48.551 -53.0102   13.7938 7.54924
9.37  -48.5655 -53.0301   13.8601 7.63701
9.38  -48.5798 -53.0498   13.9264 7.72478
9.39  -48.594 -53.0693   13.9927 7.81255
9.4  -48.6081 -53.0886   14.059 7.90031
9.41  -48.622 -53.1078   14.1253 7.98808
9.42  -48.6358 -53.1267   14.1916 8.07585
9.43  -48.6494 -53.1454   14.258 8.16362
9.44  -48.663 -53.164   14.3243 8.25138
9.45  -48.6763 -53.1823   14.3906 8.33915
9.46  -48.6896 -53.2005   14.4569 8.42692
9.47  -48.7027 -53.2185   14.5232 8.51468
9.48  -48.7156 -53.2363   14.5895 8.60245
9.49  -48.7285 -53.2539   14.6558 8.69022
9.5  -48.7412 -53.2714   14.7221 8.77799
9.51  -48.7538 -53.2887   14.7884 8.86575
9.52  -48.7662 -53.3058   14.8547 8.95352
9.53  -48.7786 -53.3227   14.921 9.04129
9.54  -48.7908 -53.3395   14.9874 9.12906
9.55  -48.8029 -53.3561   15.0537 9.21682
9.56  -48.8149 -53.3726   15.12 9.30459
9.57  -48.8267 -53.3888   15.1863 9.39236
9.58  -48.8384 -53.4049   15.2526 9.48013
9.59  -48.8501 -53.4209   15.3189 9.56789
9.6  -48.8616 -53.4367   15.3852 9.65566
9.61  -48.8729 -53.4523   15.4515 9.74343
9.62  -48.8842 -53.4678   15.5178 9.8312
9.63  -48.8954 -53.4831   15.5841 9.91896
9.64  -48.9064 -53.4983   15.6504 10.0067
9.65  -48.9174 -53.5133   15.7168 10.0945
9.66  -48.9282 -53.5282   15.7831 10.1823
9.67  -48.9389 -53.5429   15.8494 10.27
9.68  -48.9495 -53.5575   15.9157 10.3578
9.69  -48.96 -53.5719   15.982 10.4456
9.7  -48.9704 -53.5862   16.0483 10.5333
9.71  -48.9807 -53.6003   16.1146 10.6211
9.72  -48.9909 -53.6143   16.1809 10.7089
9.73  -49.001 -53.6282   16.2472 10.7966
9.74  -49.011 -53.6419   16.3135 10.8844
9.75  -49.0209 -53.6555   16.3798 10.9722
9.76  -49.0307 -53.6689   16.4462 11.0599
9.77  -49.0404 -53.6822   16.5125 11.1477
9.78  -49.05 -53.6954   16.5788 11.2355
9.79  -49.0595 -53.7084   16.6451 11.3232
9.8  -49.0689 -53.7214   16.7114 11.411
9.81  -49.0782 -53.7341   16.7777 11.4988
9.82  -49.0874 -53.7468   16.844 11.5865
9.83  -49.0965 -53.7593   16.9103 11.6743
9.84  -49.1056 -53.7717   16.9766 11.7621
9.85  -49.1145 -53.784   17.0429 11.8498
9.86  -49.1234 -53.7962   17.1092 11.9376
9.87  -49.1321 -53.8082   17.1756 12.0254
9.88  -49.1408 -53.8201   17.2419 12.1131
9.89  -49.1494 -53.8319   17.3082 12.2009
9.9  -49.1579 -53.8436   17.3745 12.2887
9.91  -49.1663 -53.8552   17.4408 12.3765
9.92  -49.1747 -53.8666   17.5071 12.4642
9.93  -49.1829 -53.878   17.5734 12.552
9.94  -49.1911 -53.8892   17.6397 12.6398
9.95  -49.1992 -53.9003   17.706 12.7275
9.96  -49.2072 -53.9113   17.7723 12.8153
9.97  -49.2151 -53.9222   17.8386 12.9031
9.98  -49.223 -53.933   17.9049 12.9908
9.99  -49.2307 -53.9436   17.9713 13.0786
10  -49.2384 -53.9542   18.0376 13.1664
10.01  -49.246 -53.9646   18.1039 13.2541
10.02  -49.2536 -53.975   18.1702 13.3419
10.03  -49.261 -53.9852   18.2365 13.4297
10.04  -49.2684 -53.9954   18.3028 13.5174
10.05  -49.2757 -54.0054   18.3691 13.6052
10.06  -49.283 -54.0154   18.4354 13.693
10.07  -49.2902 -54.0252   18.5017 13.7807
10.08  -49.2973 -54.035   18.568 13.8685
10.09  -49.3043 -54.0446   18.6343 13.9563
10.1  -49.3112 -54.0542   18.7007 14.044
10.11  -49.3181 -54.0636   18.767 14.1318
10.12  -49.3249 -54.073   18.8333 14.2196
10.13  -49.3317 -54.0823   18.8996 14.3073
10.14  -49.3384 -54.0915   18.9659 14.3951
10.15  -49.345 -54.1005   19.0322 14.4829
10.16  -49.3515 -54.1095   19.0985 14.5706
10.17  -49.358 -54.1184   19.1648 14.6584
10.18  -49.3644 -54.1273   19.2311 14.7462
10.19  -49.3708 -54.136   19.2974 14.8339
10.2  -49.3771 -54.1446   19.3637 14.9217
10.21  -49.3833 -54.1532   19.4301 15.0095
10.22  -49.3895 -54.1616   19.4964 15.0972
10.23  -49.3956 -54.17   19.5627 15.185
10.24  -49.4016 -54.1783   19.629 15.2728
10.25  -49.4076 -54.1865   19.6953 15.3605
10.26  -49.4135 -54.1947   19.7616 15.4483
10.27  -49.4194 -54.2027   19.8279 15.5361
10.28  -49.4252 -54.2107   19.8942 15.6238
10.29  -49.431 -54.2186   19.9605 15.7116
10.3  -49.4367 -54.2264   20.0268 15.7994
10.31  -49.4423 -54.2341   20.0931 15.8871
10.32  -49.4479 -54.2418   20.1595 15.9749
10.33  -49.4534 -54.2494   20.2258 16.0627
10.34  -49.4589 -54.2569   20.2921 16.1505
10.35  -49.4643 -54.2643   20.3584 16.2382
10.36  -49.4696 -54.2717   20.4247 16.326
10.37  -49.4749 -54.279   20.491 16.4138
10.38  -49.4802 -54.2862   20.5573 16.5015
10.39  -49.4854 -54.2933   20.6236 16.5893
10.4  -49.4905 -54.3004   20.6899 16.6771
10.41  -49.4956 -54.3074   20.7562 16.7648
10.42  -49.5007 -54.3143   20.8225 16.8526
10.43  -49.5057 -54.3212   20.8889 16.9404
10.44  -49.5106 -54.3279   20.9552 17.0281
10.45  -49.5155 -54.3347   21.0215 17.1159
10.46  -49.5203 -54.3413   21.0878 17.2037
10.47  -49.5251 -54.3479   21.1541 17.2914
10.48  -49.5299 -54.3544   21.2204 17.3792
10.49  -49.5346 -54.3609   21.2867 17.467
10.5  -49.5392 -54.3673   21.353 17.5547
10.51  -49.5438 -54.3736   21.4193 17.6425
10.52  -49.5484 -54.3799   21.4856 17.7303
10.53  -49.5529 -54.3861   21.5519 17.818
10.54  -49.5574 -54.3922   21.6183 17.9058
10.55  -49.5618 -54.3983   21.6846 17.9936
10.56  -49.5662 -54.4043   21.7509 18.0813
10.57  -49.5705 -54.4103   21.8172 18.1691
10.58  -49.5748 -54.4162   21.8835 18.2569
10.59  -49.5791 -54.422   21.9498 18.3446
10.6  -49.5833 -54.4278   22.0161 18.4324
10.61  -49.5875 -54.4335   22.0824 18.5202
10.62  -49.5916 -54.4392   22.1487 18.6079
10.63  -49.5957 -54.4448   22.215 18.6957
10.64  -49.5997 -54.4503   22.2813 18.7835
10.65  -49.6037 -54.4558   22.3476 18.8712
10.66  -49.6077 -54.4613   22.414 18.959
10.67  -49.6116 -54.4667   22.4803 19.0468
10.68  -49.6155 -54.472   22.5466 19.1345
10.69  -49.6193 -54.4773   22.6129 19.2223
10.7  -49.6231 -54.4825   22.6792 19.3101
10.71  -49.6269 -54.4877   22.7455 19.3978
10.72  -49.6306 -54.4928   22.8118 19.4856
10.73  -49.6343 -54.4979   22.8781 19.5734
10.74  -49.638 -54.5029   22.9444 19.6611
10.75  -49.6416 -54.5079   23.0107 19.7489
10.76  -49.6452 -54.5128   23.077 19.8367
10.77  -49.6487 -54.5176   23.1434 19.9245
10.78  -49.6523 -54.5225   23.2097 20.0122
10.79  -49.6557 -54.5272   23.276 20.1
10.8  -49.6592 -54.532   23.3423 20.1878
10.81  -49.6626 -54.5367   23.4086 20.2755
10.82  -49.666 -54.5413   23.4745 20.3628
10.83  -49.6693 -54.5459   23.5398 20.4491
10.84  -49.6726 -54.5504   23.6044 20.5346
10.85  -49.6759 -54.5549   23.6683 20.6193
10.86  -49.6791 -54.5594   23.7316 20.7031
10.87  -49.6823 -54.5638   23.7943 20.7861
10.88  -49.6855 -54.5681   23.8564 20.8682
10.89  -49.6886 -54.5725   23.9178 20.9495
10.9  -49.6918 -54.5767   23.9786 21.03
10.91  -49.6948 -54.581   24.0388 21.1097
10.92  -49.6979 -54.5851   24.0985 21.1886
10.93  -49.7009 -54.5893   24.1575 21.2668
10.94  -49.7039 -54.5934   24.2159 21.3441
10.95  -49.7069 -54.5975   24.2737 21.4206
10.96  -49.7098 -54.6015   24.331 21.4964
10.97  -49.7127 -54.6055   24.3877 21.5715
10.98  -49.7156 -54.6094   24.4438 21.6458
10.99  -49.7184 -54.6133   24.4994 21.7193
11  -49.7212 -54.6172   24.5544 21.7921
11.01  -49.724 -54.621   24.6088 21.8642
11.02  -49.7268 -54.6248   24.6628 21.9355
11.03  -49.7295 -54.6286   24.7161 22.0062
11.04  -49.7322 -54.6323   24.769 22.0761
11.05  -49.7349 -54.636   24.8213 22.1454
11.06  -49.7375 -54.6396   24.8731 22.2139
11.07  -49.7402 -54.6432   24.9243 22.2818
11.08  -49.7428 -54.6468   24.9751 22.349
11.09  -49.7453 -54.6503   25.0253 22.4155
11.1  -49.7479 -54.6538   25.0751 22.4813
11.11  -49.7504 -54.6573   25.1243 22.5465
11.12  -49.7529 -54.6607   25.1731 22.611
11.13  -49.7554 -54.6641   25.2214 22.6749
11.14  -49.7578 -54.6674   25.2691 22.7382
11.15  -49.7602 -54.6708   25.3165 22.8008
11.16  -49.7626 -54.6741   25.3633 22.8628
11.17  -49.765 -54.6773   25.4097 22.9242
11.18  -49.7674 -54.6805   25.4556 22.9849
11.19  -49.7697 -54.6837   25.501 23.0451
11.2  -49.772 -54.6869   25.546 23.1046
11.21  -49.7743 -54.69   25.5905 23.1636
11.22  -49.7765 -54.6931   25.6346 23.2219
11.23  -49.7788 -54.6962   25.6783 23.2797
11.24  -49.781 -54.6992   25.7215 23.3369
11.25  -49.7832 -54.7022   25.7643 23.3935
11.26  -49.7853 -54.7052   25.8066 23.4496
11.27  -49.7875 -54.7082   25.8486 23.5051
11.28  -49.7896 -54.7111   25.8901 23.5601
11.29  -49.7917 -54.714   25.9312 23.6145
11.3  -49.7938 -54.7168   25.9719 23.6683
11.31  -49.7959 -54.7197   26.0122 23.7216
11.32  -49.7979 -54.7225   26.052 23.7744
11.33  -49.7999 -54.7253   26.0915 23.8267
11.34  -49.8019 -54.728   26.1306 23.8784
11.35  -49.8039 -54.7307   26.1693 23.9296
11.36  -49.8059 -54.7334   26.2076 23.9803
11.37  -49.8078 -54.7361   26.2455 24.0305
11.38  -49.8097 -54.7387   26.2831 24.0802
11.39  -49.8116 -54.7413   26.3202 24.1294
11.4  -49.8135 -54.7439   26.357 24.1781
11.41  -49.8154 -54.7465   26.3935 24.2263
11.42  -49.8172 -54.749   26.4295 24.2741
11.43  -49.8191 -54.7515   26.4652 24.3213
11.44  -49.8209 -54.754   26.5006 24.3681
11.45  -49.8227 -54.7565   26.5356 24.4144
11.46  -49.8244 -54.7589   26.5702 24.4603
11.47  -49.8262 -54.7613   26.6045 24.5057
11.48  -49.8279 -54.7637   26.6385 24.5506
11.49  -49.8296 -54.7661   26.6721 24.5951
11.5  -49.8313 -54.7684   26.7054 24.6392
11.51  -49.833 -54.7707   26.7383 24.6828
11.52  -49.8347 -54.773   26.7709 24.726
11.53  -49.8364 -54.7753   26.8032 24.7687
11.54  -49.838 -54.7775   26.8352 24.811
11.55  -49.8396 -54.7798   26.8668 24.8529
11.56  -49.8412 -54.782   26.8982 24.8944
11.57  -49.8428 -54.7841   26.9292 24.9354
11.58  -49.8444 -54.7863   26.9599 24.9761
11.59  -49.8459 -54.7884   26.9903 25.0163
11.6  -49.8475 -54.7905   27.0204 25.0562
11.61  -49.849 -54.7926   27.0502 25.0956
11.62  -49.8505 -54.7947   27.0797 25.1346
11.63  -49.852 -54.7968   27.1089 25.1733
11.64  -49.8535 -54.7988   27.1378 25.2116
11.65  -49.8549 -54.8008   27.1664 25.2494
11.66  -49.8564 -54.8028   27.1948 25.2869
11.67  -49.8578 -54.8048   27.2228 25.3241
11.68  -49.8593 -54.8067   27.2506 25.3608
11.69  -49.8607 -54.8087   27.2781 25.3972
11.7  -49.8621 -54.8106   27.3053 25.4333
11.71  -49.8634 -54.8125   27.3322 25.4689
11.72  -49.8648 -54.8143   27.3589 25.5042
11.73  -49.8662 -54.8162   27.3853 25.5392
11.74  -49.8675 -54.818   27.4115 25.5738
11.75  -49.8688 -54.8199   27.4374 25.6081
11.76  -49.8701 -54.8217   27.463 25.642
11.77  -49.8714 -54.8234   27.4884 25.6756
11.78  -49.8727 -54.8252   27.5135 25.7088
11.79  -49.874 -54.827   27.5383 25.7417
11.8  -49.8752 -54.8287   27.563 25.7743
11.81  -49.8765 -54.8304   27.5873 25.8066
11.82  -49.8777 -54.8321   27.6115 25.8385
11.83  -49.879 -54.8338   27.6353 25.8701
11.84  -49.8802 -54.8354   27.659 25.9014
11.85  -49.8814 -54.8371   27.6824 25.9324
11.86  -49.8825 -54.8387   27.7056 25.9631
11.87  -49.8837 -54.8403   27.7285 25.9934
11.88  -49.8849 -54.8419   27.7512 26.0235
11.89  -49.886 -54.8435   27.7737 26.0533
11.9  -49.8872 -54.8451   27.796 26.0827
11.91  -49.8883 -54.8466   27.818 26.1119
11.92  -49.8894 -54.8482   27.8398 26.1408
11.93  -49.8905 -54.8497   27.8614 26.1694
11.94  -49.8916 -54.8512   27.8828 26.1977
11.95  -49.8927 -54.8527   27.904 26.2257
11.96  -49.8938 -54.8541   27.925 26.2535
11.97  -49.8948 -54.8556   27.9457 26.2809
11.98  -49.8959 -54.857   27.9663 26.3081
11.99  -49.8969 -54.8585   27.9866 26.335
12  -49.898 -54.8599   28.0067 26.3617
12.01  -49.899 -54.8613   28.0267 26.3881
12.02  -49.9 -54.8627   28.0464 26.4142
12.03  -49.901 -54.864   28.0659 26.44
12.04  -49.902 -54.8654   28.0853 26.4656
12.05  -49.903 -54.8667   28.1044 26.491
12.06  -49.9039 -54.8681   28.1234 26.5161
12.07  -49.9049 -54.8694   28.1421 26.5409
12.08  -49.9058 -54.8707   28.1607 26.5655
12.09  -49.9068 -54.872   28.1791 26.5898
12.1  -49.9077 -54.8733   28.1973 26.6139
12.11  -49.9086 -54.8745   28.2153 26.6378
12.12  -49.9096 -54.8758   28.2332 26.6614
12.13  -49.9105 -54.877   28.2509 26.6848
12.14  -49.9114 -54.8783   28.2684 26.708
12.15  -49.9122 -54.8795   28.2857 26.7309
12.16  -49.9131 -54.8807   28.3028 26.7536
12.17  -49.914 -54.8819   28.3198 26.776
12.18  -49.9148 -54.8831   28.3366 26.7983
12.19  -49.9157 -54.8842   28.3532 26.8203
12.2  -49.9165 -54.8854   28.3697 26.8421
12.21  -49.9174 -54.8865   28.386 26.8637
12.22  -49.9182 -54.8877   28.4021 26.885
12.23  -49.919 -54.8888   28.4181 26.9062
12.24  -49.9198 -54.8899   28.4339 26.9271
12.25  -49.9206 -54.891   28.4496 26.9479
12.26  -49.9214 -54.8921   28.4651 26.9684
12.27  -49.9222 -54.8932   28.4804 26.9887
12.28  -49.923 -54.8943   28.4956 27.0088
12.29  -49.9238 -54.8953   28.5107 27.0287
12.3  -49.9245 -54.8964   28.5256 27.0484
12.31  -49.9253 -54.8974   28.5403 27.0679
12.32  -49.926 -54.8984   28.5549 27.0873
12.33  -49.9268 -54.8994   28.5694 27.1064
12.34  -49.9275 -54.9004   28.5837 27.1253
12.35  -49.9282 -54.9014   28.5978 27.1441
12.36  -49.9289 -54.9024   28.6119 27.1626
12.37  -49.9297 -54.9034   28.6257 27.181
12.38  -49.9304 -54.9044   28.6395 27.1992
12.39  -49.9311 -54.9053   28.6531 27.2172
12.4  -49.9317 -54.9063   28.6666 27.235
12.41  -49.9324 -54.9072   28.6799 27.2527
12.42  -49.9331 -54.9081   28.6931 27.2702
12.43  -49.9338 -54.909   28.7062 27.2875
12.44  -49.9344 -54.91   28.7191 27.3046
12.45  -49.9351 -54.9109   28.7319 27.3215
12.46  -49.9357 -54.9118   28.7446 27.3383
12.47  -49.9364 -54.9126   28.7571 27.3549
12.48  -49.937 -54.9135   28.7696 27.3714
12.49  -49.9376 -54.9144   28.7819 27.3877
12.5  -49.9383 -54.9152   28.7941 27.4038
12.51  -49.9389 -54.9161   28.8061 27.4198
12.52  -49.9395 -54.9169   28.8181 27.4356
12.53  -49.9401 -54.9177   28.8299 27.4512
12.54  -49.9407 -54.9186   28.8416 27.4667
12.55  -49.9413 -54.9194   28.8532 27.482
12.56  -49.9419 -54.9202   28.8646 27.4972
12.57  -49.9425 -54.921   28.876 27.5122
12.58  -49.943 -54.9218   28.8872 27.5271
12.59  -49.9436 -54.9226   28.8984 27.5418
12.6  -49.9442 -54.9233   28.9094 27.5564
12.61  -49.9447 -54.9241   28.9203 27.5709
12.62  -49.9453 -54.9249   28.9311 27.5852
12.63  -49.9458 -54.9256   28.9418 27.5993
12.64  -49.9464 -54.9264   28.9523 27.6133
12.65  -49.9469 -54.9271   28.9628 27.6272
12.66  -49.9474 -54.9278   28.9732 27.6409
12.67  -49.948 -54.9285   28.9835 27.6545
12.68  -49.9485 -54.9293   28.9936 27.6679
12.69  -49.949 -54.93   29.0037 27.6813
12.7  -49.9495 -54.9307   29.0137 27.6945
12.71  -49.95 -54.9314   29.0235 27.7075
12.72  -49.9505 -54.932   29.0333 27.7204
12.73  -49.951 -54.9327   29.0429 27.7332
12.74  -49.9515 -54.9334   29.0525 27.7459
12.75  -49.952 -54.9341   29.062 27.7584
12.76  -49.9525 -54.9347   29.0714 27.7709
12.77  -49.9529 -54.9354   29.0807 27.7831
12.78  -49.9534 -54.936   29.0899 27.7953
12.79  -49.9539 -54.9367   29.099 27.8074
12.8  -49.9543 -54.9373   29.108 27.8193
12.81  -49.9548 -54.9379   29.1169 27.8311
12.82  -49.9552 -54.9385   29.1257 27.8428
12.83  -49.9557 -54.9392   29.1345 27.8544
12.84  -49.9561 -54.9398   29.1431 27.8658
12.85  -49.9566 -54.9404   29.1517 27.8772
12.86  -49.957 -54.941   29.1602 27.8884
12.87  -49.9574 -54.9416   29.1686 27.8995
12.88  -49.9579 -54.9421   29.1769 27.9105
12.89  -49.9583 -54.9427   29.1851 27.9214
12.9  -49.9587 -54.9433   29.1933 27.9322
12.91  -49.9591 -54.9439   29.2013 27.9429
12.92  -49.9595 -54.9444   29.2093 27.9534
12.93  -49.9599 -54.945   29.2172 27.9639
12.94  -49.9603 -54.9455   29.225 27.9743
12.95  -49.9607 -54.9461   29.2328 27.9845
12.96  -49.9611 -54.9466   29.2405 27.9947
12.97  -49.9615 -54.9471   29.2481 28.0047
12.98  -49.9619 -54.9477   29.2556 28.0147
12.99  -49.9623 -54.9482   29.263 28.0245
13  -49.9627 -54.9487   29.2704 28.0343
13.01  -49.963 -54.9492   29.2777 28.0439
13.02  -49.9634 -54.9497   29.2849 28.0535
13.03  -49.9638 -54.9502   29.2921 28.063
13.04  -49.9641 -54.9507   29.2991 28.0723
13.05  -49.9645 -54.9512   29.3062 28.0816
13.06  -49.9648 -54.9517   29.3131 28.0908
13.07  -49.9652 -54.9522   29.32 28.0999
13.08  -49.9655 -54.9527   29.3268 28.1089
13.09  -49.9659 -54.9531   29.3335 28.1178
13.1  -49.9662 -54.9536   29.3402 28.1266
13.11  -49.9666 -54.9541   29.3468 28.1354
13.12  -49.9669 -54.9545   29.3533 28.144
13.13  -49.9672 -54.955   29.3598 28.1526
13.14  -49.9676 -54.9554   29.3662 28.161
13.15  -49.9679 -54.9559   29.3725 28.1694
13.16  -49.9682 -54.9563   29.3788 28.1777
13.17  -49.9685 -54.9568   29.385 28.186
13.18  -49.9688 -54.9572   29.3911 28.1941
13.19  -49.9691 -54.9576   29.3972 28.2022
13.2  -49.9695 -54.9581   29.4033 28.2101
13.21  -49.9698 -54.9585   29.4092 28.218
13.22  -49.9701 -54.9589   29.4151 28.2259
13.23  -49.9704 -54.9593   29.421 28.2336
13.24  -49.9707 -54.9597   29.4268 28.2413
13.25  -49.9709 -54.9601   29.4325 28.2488
13.26  -49.9712 -54.9605   29.4382 28.2564
13.27  -49.9715 -54.9609   29.4438 28.2638
13.28  -49.9718 -54.9613   29.4494 28.2712
13.29  -49.9721 -54.9617   29.4549 28.2784
13.3  -49.9724 -54.9621   29.4603 28.2857
13.31  -49.9726 -54.9624   29.4657 28.2928
13.32  -49.9729 -54.9628   29.4711 28.2999
13.33  -49.9732 -54.9632   29.4763 28.3069
13.34  -49.9735 -54.9636   29.4816 28.3138
13.35  -49.9737 -54.9639   29.4868 28.3207
13.36  -49.974 -54.9643   29.4919 28.3275
13.37  -49.9742 -54.9646   29.497 28.3342
13.38  -49.9745 -54.965   29.502 28.3408
13.39  -49.9748 -54.9653   29.507 28.3474
13.4  -49.975 -54.9657   29.5119 28.354
13.41  -49.9753 -54.966   29.5168 28.3604
13.42  -49.9755 -54.9664   29.5216 28.3668
13.43  -49.9758 -54.9667   29.5264 28.3732
13.44  -49.976 -54.967   29.5311 28.3794
13.45  -49.9762 -54.9674   29.5358 28.3856
13.46  -49.9765 -54.9677   29.5405 28.3918
13.47  -49.9767 -54.968   29.5451 28.3979
13.48  -49.9769 -54.9683   29.5496 28.4039
13.49  -49.9772 -54.9687   29.5541 28.4098
13.5  -49.9774 -54.969   29.5586 28.4157
13.51  -49.9776 -54.9693   29.563 28.4216
13.52  -49.9779 -54.9696   29.5674 28.4274
13.53  -49.9781 -54.9699   29.5717 28.4331
13.54  -49.9783 -54.9702   29.576 28.4388
13.55  -49.9785 -54.9705   29.5802 28.4444
13.56  -49.9787 -54.9708   29.5844 28.4499
13.57  -49.9789 -54.9711   29.5886 28.4554
13.58  -49.9791 -54.9714   29.5927 28.4609
13.59  -49.9794 -54.9717   29.5968 28.4663
13.6  -49.9796 -54.9719   29.6008 28.4716
13.61  -49.9798 -54.9722   29.6048 28.4769
13.62  -49.98 -54.9725   29.6087 28.4821
13.63  -49.9802 -54.9728   29.6127 28.4873
13.64  -49.9804 -54.973   29.6165 28.4924
13.65  -49.9806 -54.9733   29.6204 28.4975
13.66  -49.9808 -54.9736   29.6242 28.5025
13.67  -49.981 -54.9738   29.6279 28.5075
13.68  -49.9811 -54.9741   29.6316 28.5124
13.69  -49.9813 -54.9744   29.6353 28.5173
13.7  -49.9815 -54.9746   29.639 28.5221
13.71  -49.9817 -54.9749   29.6426 28.5269
13.72  -49.9819 -54.9751   29.6461 28.5316
13.73  -49.9821 -54.9754   29.6497 28.5363
13.74  -49.9822 -54.9756   29.6532 28.541
13.75  -49.9824 -54.9759   29.6567 28.5455
13.76  -49.9826 -54.9761   29.6601 28.5501
13.77  -49.9828 -54.9763   29.6635 28.5546
13.78  -49.9829 -54.9766   29.6669 28.559
13.79  -49.9831 -54.9768   29.6702 28.5635
13.8  -49.9833 -54.977   29.6735 28.5678
13.81  -49.9835 -54.9773   29.6768 28.5721
13.82  -49.9836 -54.9775   29.68 28.5764
13.83  -49.9838 -54.9777   29.6832 28.5807
13.84  -49.9839 -54.978   29.6864 28.5849
13.85  -49.9841 -54.9782   29.6895 28.589
13.86  -49.9843 -54.9784   29.6926 28.5931
13.87  -49.9844 -54.9786   29.6957 28.5972
13.88  -49.9846 -54.9788   29.6987 28.6012
13.89  -49.9847 -54.979   29.7017 28.6052
13.9  -49.9849 -54.9792   29.7047 28.6091
13.91  -49.985 -54.9794   29.7077 28.6131
13.92  -49.9852 -54.9797   29.7106 28.6169
13.93  -49.9853 -54.9799   29.7135 28.6208
13.94  -49.9855 -54.9801   29.7163 28.6245
13.95  -49.9856 -54.9803   29.7192 28.6283
13.96  -49.9858 -54.9805   29.722 28.632
13.97  -49.9859 -54.9807   29.7248 28.6357
13.98  -49.9861 -54.9808   29.7275 28.6393
13.99  -49.9862 -54.981   29.7302 28.6429
14  -49.9863 -54.9812   29.7329 28.6465
14.01  -49.9865 -54.9814   29.7356 28.6501
14.02  -49.9866 -54.9816   29.7383 28.6536
14.03  -49.9867 -54.9818   29.7409 28.657
14.04  -49.9869 -54.982   29.7435 28.6604
14.05  -49.987 -54.9821   29.746 28.6638
14.06  -49.9871 -54.9823   29.7486 28.6672
14.07  -49.9873 -54.9825   29.7511 28.6705
14.08  -49.9874 -54.9827   29.7536 28.6738
14.09  -49.9875 -54.9829   29.756 28.6771
14.1  -49.9876 -54.983   29.7585 28.6803
14.11  -49.9878 -54.9832   29.7609 28.6835
14.12  -49.9879 -54.9834   29.7633 28.6867
14.13  -49.988 -54.9835   29.7657 28.6898
14.14  -49.9881 -54.9837   29.768 28.6929
14.15  -49.9882 -54.9839   29.7703 28.696
14.16  -49.9884 -54.984   29.7726 28.699
14.17  -49.9885 -54.9842   29.7749 28.702
14.18  -49.9886 -54.9843   29.7771 28.705
14.19  -49.9887 -54.9845   29.7794 28.708
14.2  -49.9888 -54.9846   29.7816 28.7109
14.21  -49.9889 -54.9848   29.7838 28.7138
14.22  -49.989 -54.985   29.7859 28.7166
14.23  -49.9892 -54.9851   29.7881 28.7195
14.24  -49.9893 -54.9853   29.7902 28.7223
14.25  -49.9894 -54.9854   29.7923 28.7251
14.26  -49.9895 -54.9855   29.7944 28.7278
14.27  -49.9896 -54.9857   29.7964 28.7305
14.28  -49.9897 -54.9858   29.7984 28.7332
14.29  -49.9898 -54.986   29.8005 28.7359
14.3  -49.9899 -54.9861   29.8025 28.7385
14.31  -49.99 -54.9863   29.8044 28.7411
14.32  -49.9901 -54.9864   29.8064 28.7437
14.33  -49.9902 -54.9865   29.8083 28.7463
14.34  -49.9903 -54.9867   29.8102 28.7488
14.35  -49.9904 -54.9868   29.8121 28.7513
14.36  -49.9905 -54.9869   29.814 28.7538
14.37  -49.9906 -54.9871   29.8159 28.7563
14.38  -49.9907 -54.9872   29.8177 28.7587
14.39  -49.9908 -54.9873   29.8195 28.7611
14.4  -49.9909 -54.9874   29.8213 28.7635
14.41  -49.9909 -54.9876   29.8231 28.7659
14.42  -49.991 -54.9877   29.8249 28.7682
14.43  -49.9911 -54.9878   29.8267 28.7706
14.44  -49.9912 -54.9879   29.8284 28.7728
14.45  -49.9913 -54.9881   29.8301 28.7751
14.46  -49.9914 -54.9882   29.8318 28.7774
14.47  -49.9915 -54.9883   29.8335 28.7796
14.48  -49.9916 -54.9884   29.8351 28.7818
14.49  -49.9916 -54.9885   29.8368 28.784
14.5  -49.9917 -54.9886   29.8384 28.7861
14.51  -49.9918 -54.9888   29.84 28.7883
14.52  -49.9919 -54.9889   29.8416 28.7904
14.53  -49.992 -54.989   29.8432 28.7925
14.54  -49.9921 -54.9891   29.8448 28.7946
14.55  -49.9921 -54.9892   29.8463 28.7966
14.56  -49.9922 -54.9893   29.8479 28.7987
14.57  -49.9923 -54.9894   29.8494 28.8007
14.58  -49.9924 -54.9895   29.8509 28.8027
14.59  -49.9924 -54.9896   29.8524 28.8046
14.6  -49.9925 -54.9897   29.8539 28.8066
14.61  -49.9926 -54.9898   29.8553 28.8085
14.62  -49.9927 -54.9899   29.8568 28.8104
14.63  -49.9927 -54.99   29.8582 28.8123
14.64  -49.9928 -54.9901   29.8596 28.8142
14.65  -49.9929 -54.9902   29.861 28.8161
14.66  -49.993 -54.9903   29.8624 28.8179
14.67  -49.993 -54.9904   29.8638 28.8197
14.68  -49.9931 -54.9905   29.8652 28.8215
14.69  -49.9932 -54.9906   29.8665 28.8233
14.7  -49.9932 -54.9907   29.8678 28.8251
14.71  -49.9933 -54.9908   29.8692 28.8268
14.72  -49.9934 -54.9909   29.8705 28.8286
14.73  -49.9934 -54.991   29.8718 28.8303
14.74  -49.9935 -54.9911   29.8731 28.832
14.75  -49.9936 -54.9912   29.8743 28.8337
14.76  -49.9936 -54.9913   29.8756 28.8353
14.77  -49.9937 -54.9913   29.8768 28.837
14.78  -49.9938 -54.9914   29.8781 28.8386
14.79  -49.9938 -54.9915   29.8793 28.8402
14.8  -49.9939 -54.9916   29.8805 28.8418
14.81  -49.9939 -54.9917   29.8817 28.8434
14.82  -49.994 -54.9918   29.8829 28.845
14.83  -49.9941 -54.9918   29.884 28.8465
14.84  -49.9941 -54.9919   29.8852 28.848
14.85  -49.9942 -54.992   29.8863 28.8496
14.86  -49.9942 -54.9921   29.8875 28.8511
14.87  -49.9943 -54.9922   29.8886 28.8526
14.88  -49.9944 -54.9922   29.8897 28.854
14.89  -49.9944 -54.9923   29.8908 28.8555
14.9  -49.9945 -54.9924   29.8919 28.8569
14.91  -49.9945 -54.9925   29.893 28.8584
14.92  -49.9946 -54.9926   29.8941 28.8598
14.93  -49.9946 -54.9926   29.8951 28.8612
14.94  -49.9947 -54.9927   29.8962 28.8626
14.95  -49.9947 -54.9928   29.8972 28.8639
14.96  -49.9948 -54.9928   29.8982 28.8653
14.97  -49.9948 -54.9929   29.8993 28.8667
14.98  -49.9949 -54.993   29.9003 28.868
14.99  -49.9949 -54.9931   29.9013 28.8693
15  -49.995 -54.9931   29.9022 28.8706
15.01  -49.995 -54.9932   29.9032 28.8719
15.02  -49.9951 -54.9933   29.9042 28.8732
15.03  -49.9951 -54.9933   29.9052 28.8745
15.04  -49.9952 -54.9934   29.9061 28.8757
15.05  -49.9952 -54.9935   29.907 28.877
15.06  -49.9953 -54.9935   29.908 28.8782
15.07  -49.9953 -54.9936   29.9089 28.8794
15.08  -49.9954 -54.9937   29.9098 28.8806
15.09  -49.9954 -54.9937   29.9107 28.8818
15.1  -49.9955 -54.9938   29.9116 28.883
15.11  -49.9955 -54.9938   29.9125 28.8842
15.12  -49.9956 -54.9939   29.9134 28.8853
15.13  -49.9956 -54.994   29.9142 28.8865
15.14  -49.9957 -54.994   29.9151 28.8876
15.15  -49.9957 -54.9941   29.9159 28.8887
15.16  -49.9957 -54.9941   29.9168 28.8898
15.17  -49.9958 -54.9942   29.9176 28.8909
15.18  -49.9958 -54.9943   29.9184 28.892
15.19  -49.9959 -54.9943   29.9192 28.8931
15.2  -49.9959 -54.9944   29.92 28.8942
15.21  -49.9959 -54.9944   29.9208 28.8952
15.22  -49.996 -54.9945   29.9216 28.8963
15.23  -49.996 -54.9945   29.9224 28.8973
15.24  -49.9961 -54.9946   29.9232 28.8983
15.25  -49.9961 -54.9947   29.924 28.8994
15.26  -49.9961 -54.9947   29.9247 28.9004
15.27  -49.9962 -54.9948   29.9255 28.9014
15.28  -49.9962 -54.9948   29.9262 28.9024
15.29  -49.9963 -54.9949   29.927 28.9033
15.3  -49.9963 -54.9949   29.9277 28.9043
15.31  -49.9963 -54.995   29.9284 28.9053
15.32  -49.9964 -54.995   29.9291 28.9062
15.33  -49.9964 -54.9951   29.9298 28.9071
15.34  -49.9964 -54.9951   29.9305 28.9081
15.35  -49.9965 -54.9952   29.9312 28.909
15.36  -49.9965 -54.9952   29.9319 28.9099
15.37  -49.9966 -54.9953   29.9326 28.9108
15.38  -49.9966 -54.9953   29.9333 28.9117
15.39  -49.9966 -54.9954   29.9339 28.9126
15.4  -49.9967 -54.9954   29.9346 28.9134
15.41  -49.9967 -54.9954   29.9353 28.9143
15.42  -49.9967 -54.9955   29.9359 28.9152
15.43  -49.9968 -54.9955   29.9365 28.916
15.44  -49.9968 -54.9956   29.9372 28.9169
15.45  -49.9968 -54.9956   29.9378 28.9177
15.46  -49.9968 -54.9957   29.9384 28.9185
15.47  -49.9969 -54.9957   29.939 28.9193
15.48  -49.9969 -54.9958   29.9397 28.9201
15.49  -49.9969 -54.9958   29.9403 28.9209
