-40 -60 5 14
30 29 5 14
0.01  29.914 29.8895   -38.9136 -58.8898
0.02  29.8281 29.779   -38.8272 -58.7797
0.03  29.7421 29.6685   -38.7408 -58.6695
0.04  29.6562 29.558   -38.6545 -58.5593
0.05  29.5702 29.4475   -38.5681 -58.4491
0.06  29.4843 29.3369   -38.4817 -58.339
0.07  29.3983 29.2264   -38.3953 -58.2288
0.08  29.3124 29.1159   -38.3089 -58.1186
0.09  29.2264 29.0054   -38.2225 -58.0085
0.1  29.1405 28.8949   -38.1362 -57.8983
0.11  29.0545 28.7844   -38.0498 -57.7881
0.12  28.9686 28.6739   -37.9634 -57.6779
0.13  28.8826 28.5634   -37.877 -57.5678
0.14  28.7967 28.4529   -37.7906 -57.4576
0.15  28.7107 28.3424   -37.7042 -57.3474
0.16  28.6248 28.2319   -37.6178 -57.2373
0.17  28.5388 28.1213   -37.5315 -57.1271
0.18  28.4529 28.0108   -37.4451 -57.0169
0.19  28.3669 27.9003   -37.3587 -56.9067
0.2  28.281 27.7898   -37.2723 -56.7966
0.21  28.195 27.6793   -37.1859 -56.6864
0.22  28.1091 27.5688   -37.0995 -56.5762
0.23  28.0231 27.4583   -37.0132 -56.4661
0.24  27.9372 27.3478   -36.9268 -56.3559
0.25  27.8512 27.2373   -36.8404 -56.2457
0.26  27.7653 27.1268   -36.754 -56.1355
0.27  27.6793 27.0162   -36.6676 -56.0254
0.28  27.5934 26.9057   -36.5812 -55.9152
0.29  27.5074 26.7952   -36.4949 -55.805
0.3  27.4214 26.6847   -36.4085 -55.6949
0.31  27.3355 26.5742   -36.3221 -55.5847
0.32  27.2495 26.4637   -36.2357 -55.4745
0.33  27.1636 26.3532   -36.1493 -55.3643
0.34  27.0776 26.2427   -36.0629 -55.2542
0.35  26.9917 26.1322   -35.9765 -55.144
0.36  26.9057 26.0217   -35.8902 -55.0338
0.37  26.8198 25.9112   -35.8038 -54.9237
0.38  26.7338 25.8006   -35.7174 -54.8135
0.39  26.6479 25.6901   -35.631 -54.7033
0.4  26.5619 25.5796   -35.5446 -54.5931
0.41  26.476 25.4691   -35.4582 -54.483
0.42  26.39 25.3586   -35.3719 -54.3728
0.43  26.3041 25.2481   -35.2855 -54.2626
0.44  26.2181 25.1376   -35.1991 -54.1525
0.45  26.1322 25.0271   -35.1127 -54.0423
0.46  26.0462 24.9166   -35.0263 -53.9321
0.47  25.9603 24.8061   -34.9399 -53.8219
0.48  25.8743 24.6956   -34.8535 -53.7118
0.49  25.7884 24.585   -34.7672 -53.6016
0.5  25.7024 24.4745   -34.6808 -53.4914
0.51  25.6165 24.364   -34.5944 -53.3813
0.52  25.5305 24.2535   -34.508 -53.2711
0.53  25.4446 24.143   -34.4216 -53.1609
0.54  25.3586 24.0325   -34.3352 -53.0507
0.55  25.2727 23.922   -34.2489 -52.9406
0.56  25.1867 23.8115   -34.1625 -52.8304
0.57  25.1008 23.701   -34.0761 -52.7202
0.58  25.0148 23.5905   -33.9897 -52.6101
0.59  24.9289 23.48   -33.9033 -52.4999
0.6  24.8429 23.3694   -33.8169 -52.3897
0.61  24.7569 23.2589   -33.7306 -52.2795
0.62  24.671 23.1484   -33.6442 -52.1694
0.63  24.585 23.0379   -33.5578 -52.0592
0.64  24.4991 22.9274   -33.4714 -51.949
0.65  24.4131 22.8169   -33.385 -51.8389
0.66  24.3272 22.7064   -33.2986 -51.7287
0.67  24.2412 22.5959   -33.2122 -51.6185
0.68  24.1553 22.4854   -33.1259 -51.5083
0.69  24.0693 22.3749   -33.0395 -51.3982
0.7  23.9834 22.2643   -32.9531 -51.288
0.71  23.8974 22.1538   -32.8667 -51.1778
0.72  23.8115 22.0433   -32.7803 -51.0677
0.73  23.7255 21.9328   -32.6939 -50.9575
0.74  23.6396 21.8223   -32.6076 -50.8473
0.75  23.5536 21.7118   -32.5212 -50.7371
0.76  23.4677 21.6013   -32.4348 -50.627
0.77  23.3817 21.4908   -32.3484 -50.5168
0.78  23.2958 21.3803   -32.262 -50.4066
0.79  23.2098 21.2698   -32.1756 -50.2965
0.8  23.1239 21.1593   -32.0892 -50.1863
0.81  23.0379 21.0487   -32.0029 -50.0761
0.82  22.952 20.9382   -31.9165 -49.9659
0.83  22.866 20.8277   -31.8301 -49.8558
0.84  22.7801 20.7172   -31.7437 -49.7456
0.85  22.6941 20.6067   -31.6573 -49.6354
0.86  22.6082 20.4962   -31.5709 -49.5253
0.87  22.5222 20.3857   -31.4846 -49.4151
0.88  22.4363 20.2752   -31.3982 -49.3049
0.89  22.3503 20.1647   -31.3118 -49.1947
0.9  22.2643 20.0542   -31.2254 -49.0846
0.91  22.1784 19.9437   -31.139 -48.9744
0.92  22.0924 19.8331   -31.0526 -48.8642
0.93  22.0065 19.7226   -30.9663 -48.7541
0.94  21.9205 19.6121   -30.8799 -48.6439
0.95  21.8346 19.5016   -30.7935 -48.5337
0.96  21.7486 19.3911   -30.7071 -48.4235
0.97  21.6627 19.2806   -30.6207 -48.3134
0.98  21.5767 19.1701   -30.5343 -48.2032
0.99  21.4908 19.0596   -30.4479 -48.093
1  21.4048 18.9491   -30.3616 -47.9829
1.01  21.3189 18.8386   -30.2752 -47.8727
1.02  21.2329 18.7281   -30.1888 -47.7625
1.03  21.147 18.6175   -30.1024 -47.6523
1.04  21.061 18.507   -30.016 -47.5422
1.05  20.9751 18.3965   -29.9296 -47.432
1.06  20.8891 18.286   -29.8433 -47.3218
1.07  20.8032 18.1755   -29.7569 -47.2117
1.08  20.7172 18.065   -29.6705 -47.1015
1.09  20.6313 17.9545   -29.5841 -46.9913
1.1  20.5453 17.844   -29.4977 -46.8811
1.11  20.4594 17.7335   -29.4113 -46.771
1.12  20.3734 17.623   -29.3249 -46.6608
1.13  20.2875 17.5124   -29.2386 -46.5506
1.14  20.2015 17.4019   -29.1522 -46.4405
1.15  20.1156 17.2914   -29.0658 -46.3303
1.16  20.0296 17.1809   -28.9794 -46.2201
1.17  19.9437 17.0704   -28.893 -46.1099
1.18  19.8577 16.9599   -28.8066 -45.9998
1.19  19.7717 16.8494   -28.7203 -45.8896
1.2  19.6858 16.7389   -28.6339 -45.7794
1.21  19.5998 16.6284   -28.5475 -45.6693
1.22  19.5139 16.5179   -28.4611 -45.5591
1.23  19.4279 16.4074   -28.3747 -45.4489
1.24  19.342 16.2968   -28.2883 -45.3387
1.25  19.256 16.1863   -28.202 -45.2286
1.26  19.1701 16.0758   -28.1156 -45.1184
1.27  19.0841 15.9653   -28.0292 -45.0082
1.28  18.9982 15.8548   -27.9428 -44.8981
1.29  18.9122 15.7443   -27.8564 -44.7879
1.3  18.8263 15.6338   -27.77 -44.6777
1.31  18.7403 15.5233   -27.6836 -44.5675
1.32  18.6544 15.4128   -27.5973 -44.4574
1.33  18.5684 15.3023   -27.5109 -44.3472
1.34  18.4825 15.1918   -27.4245 -44.237
1.35  18.3965 15.0812   -27.3381 -44.1269
1.36  18.3106 14.9707   -27.2517 -44.0167
1.37  18.2246 14.8602   -27.1653 -43.9065
1.38  18.1387 14.7497   -27.079 -43.7963
1.39  18.0527 14.6392   -26.9926 -43.6862
1.4  17.9668 14.5287   -26.9062 -43.576
1.41  17.8808 14.4182   -26.8198 -43.4658
1.42  17.7949 14.3077   -26.7334 -43.3557
1.43  17.7089 14.1972   -26.647 -43.2455
1.44  17.623 14.0867   -26.5606 -43.1353
1.45  17.537 13.9761   -26.4743 -43.0251
1.46  17.4511 13.8656   -26.3879 -42.915
1.47  17.3651 13.7551   -26.3015 -42.8048
1.48  17.2792 13.6446   -26.2151 -42.6946
1.49  17.1932 13.5341   -26.1287 -42.5845
1.5  17.1072 13.4236   -26.0423 -42.4743
1.51  17.0213 13.3131   -25.956 -42.3641
1.52  16.9353 13.2026   -25.8696 -42.2539
1.53  16.8494 13.0921   -25.7832 -42.1438
1.54  16.7634 12.9816   -25.6968 -42.0336
1.55  16.6775 12.8711   -25.6104 -41.9234
1.56  16.5915 12.7605   -25.524 -41.8133
1.57  16.5056 12.65   -25.4377 -41.7031
1.58  16.4196 12.5395   -25.3513 -41.5929
1.59  16.3337 12.429   -25.2649 -41.4827
1.6  16.2477 12.3185   -25.1785 -41.3726
1.61  16.1618 12.208   -25.0921 -41.2624
1.62  16.0758 12.0975   -25.0057 -41.1522
1.63  15.9899 11.987   -24.9193 -41.0421
1.64  15.9039 11.8765   -24.833 -40.9319
1.65  15.818 11.766   -24.7466 -40.8217
1.66  15.732 11.6555   -24.6602 -40.7115
1.67  15.6461 11.5449   -24.5738 -40.6014
1.68  15.5601 11.4344   -24.4874 -40.4912
1.69  15.4742 11.3239   -24.401 -40.381
1.7  15.3882 11.2134   -24.3147 -40.2709
1.71  15.3023 11.1029   -24.2283 -40.1607
1.72  15.2163 10.9924   -24.1419 -40.0505
1.73  15.1304 10.8819   -24.0555 -39.9403
1.74  15.0444 10.7714   -23.9691 -39.8302
1.75  14.9585 10.6609   -23.8827 -39.72
1.76  14.8725 10.5504   -23.7963 -39.6098
1.77  14.7866 10.4399   -23.71 -39.4997
1.78  14.7006 10.3293   -23.6236 -39.3895
1.79  14.6146 10.2188   -23.5372 -39.2793
1.8  14.5287 10.1083   -23.4508 -39.1691
1.81  14.4427 9.99781   -23.3644 -39.059
1.82  14.3568 9.88731   -23.278 -38.9488
1.83  14.2708 9.7768   -23.1917 -38.8386
1.84  14.1849 9.66629   -23.1053 -38.7285
1.85  14.0989 9.55578   -23.0189 -38.6183
1.86  14.013 9.44527   -22.9325 -38.5081
1.87  13.927 9.33476   -22.8461 -38.3979
1.88  13.8411 9.22425   -22.7597 -38.2878
1.89  13.7551 9.11374   -22.6734 -38.1776
1.9  13.6692 9.00323   -22.587 -38.0674
1.91  13.5832 8.89272   -22.5006 -37.9573
1.92  13.4973 8.78221   -22.4142 -37.8471
1.93  13.4113 8.6717   -22.3278 -37.7369
1.94  13.3254 8.56119   -22.2414 -37.6267
1.95  13.2394 8.45068   -22.155 -37.5166
1.96  13.1535 8.34018   -22.0687 -37.4064
1.97  13.0675 8.22967   -21.9823 -37.2962
1.98  12.9816 8.11916   -21.8959 -37.1861
1.99  12.8956 8.00865   -21.8095 -37.0759
2  12.8097 7.89814   -21.7231 -36.9657
2.01  12.7237 7.78763   -21.6367 -36.8555
2.02  12.6378 7.67712   -21.5504 -36.7454
2.03  12.5518 7.56661   -21.464 -36.6352
2.04  12.4659 7.4561   -21.3776 -36.525
2.05  12.3799 7.34559   -21.2912 -36.4149
2.06  12.294 7.23508   -21.2048 -36.3047
2.07  12.208 7.12457   -21.1184 -36.1945
2.08  12.122 7.01406   -21.032 -36.0843
2.09  12.0361 6.90355   -20.9457 -35.9742
2.1  11.9501 6.79304   -20.8593 -35.864
2.11  11.8642 6.68254   -20.7729 -35.7538
2.12  11.7782 6.57203   -20.6865 -35.6437
2.13  11.6923 6.46152   -20.6001 -35.5335
2.14  11.6063 6.35101   -20.5137 -35.4233
2.15  11.5204 6.2405   -20.4274 -35.3131
2.16  11.4344 6.12999   -20.341 -35.203
2.17  11.3485 6.01948   -20.2546 -35.0928
2.18  11.2625 5.90897   -20.1682 -34.9826
2.19  11.1766 5.79846   -20.0818 -34.8725
2.2  11.0906 5.68795   -19.9954 -34.7623
2.21  11.0047 5.57744   -19.909 -34.6521
2.22  10.9187 5.46693   -19.8227 -34.5419
2.23  10.8328 5.35642   -19.7363 -34.4318
2.24  10.7468 5.24591   -19.6499 -34.3216
2.25  10.6609 5.13541   -19.5635 -34.2114
2.26  10.5749 5.0249   -19.4771 -34.1013
2.27  10.489 4.91439   -19.3907 -33.9911
2.28  10.403 4.80388   -19.3044 -33.8809
2.29  10.3171 4.69337   -19.218 -33.7707
2.3  10.2311 4.58286   -19.1316 -33.6606
2.31  10.1452 4.47235   -19.0452 -33.5504
2.32  10.0592 4.36184   -18.9588 -33.4402
2.33  9.97326 4.25133   -18.8724 -33.3301
2.34  9.88731 4.14082   -18.7861 -33.2199
2.35  9.80135 4.03031   -18.6997 -33.1097
2.36  9.7154 3.9198   -18.6133 -32.9996
2.37  9.62945 3.80929   -18.5269 -32.8894
2.38  9.5435 3.69878   -18.4405 -32.7792
2.39  9.45755 3.58827   -18.3541 -32.669
2.4  9.3716 3.47777   -18.2677 -32.5589
2.41  9.28564 3.36726   -18.1814 -32.4487
2.42  9.19969 3.25675   -18.095 -32.3385
2.43  9.11374 3.14624   -18.0086 -32.2284
2.44  9.02779 3.03573   -17.9222 -32.1182
2.45  8.94184 2.92522   -17.8358 -32.008
2.46  8.85589 2.81471   -17.7494 -31.8978
2.47  8.76993 2.7042   -17.6631 -31.7877
2.48  8.68398 2.59369   -17.5767 -31.6775
2.49  8.59803 2.48318   -17.4903 -31.5673
2.5  8.51208 2.37267   -17.4039 -31.4572
2.51  8.42613 2.26216   -17.3175 -31.347
2.52  8.34018 2.15165   -17.2311 -31.2368
2.53  8.25422 2.04114   -17.1447 -31.1266
2.54  8.16827 1.93064   -17.0584 -31.0165
2.55  8.08232 1.82013   -16.972 -30.9063
2.56  7.99637 1.70962   -16.8856 -30.7961
2.57  7.91042 1.59911   -16.7992 -30.686
2.58  7.82447 1.4886   -16.7128 -30.5758
2.59  7.73851 1.37809   -16.6264 -30.4656
2.6  7.65256 1.26758   -16.5401 -30.3554
2.61  7.56661 1.15707   -16.4537 -30.2453
2.62  7.48066 1.04656   -16.3673 -30.1351
2.63  7.39471 0.936051   -16.2809 -30.0249
2.64  7.30875 0.825542   -16.1945 -29.9148
2.65  7.2228 0.715033   -16.1081 -29.8046
2.66  7.13685 0.604523   -16.0218 -29.6944
2.67  7.0509 0.494014   -15.9354 -29.5842
2.68  6.96495 0.383505   -15.849 -29.4741
2.69  6.879 0.272995   -15.7626 -29.3639
2.7  6.79304 0.162486   -15.6762 -29.2537
2.71  6.70709 0.0519769   -15.5898 -29.1436
2.72  6.62114 -0.0585324   -15.5034 -29.0334
2.73  6.53519 -0.169042   -15.4171 -28.9232
2.74  6.44924 -0.279551   -15.3307 -28.813
2.75  6.36329 -0.39006   -15.2443 -28.7029
2.76  6.27733 -0.50057   -15.1579 -28.5927
2.77  6.19138 -0.611079   -15.0715 -28.4825
2.78  6.10543 -0.721588   -14.9851 -28.3724
2.79  6.01948 -0.832098   -14.8988 -28.2622
2.8  5.93353 -0.942607   -14.8124 -28.152
2.81  5.84758 -1.05312   -14.726 -28.0418
2.82  5.76162 -1.16363   -14.6396 -27.9317
2.83  5.67567 -1.27413   -14.5532 -27.8215
2.84  5.58972 -1.38464   -14.4668 -27.7113
2.85  5.50377 -1.49515   -14.3804 -27.6012
2.86  5.41782 -1.60566   -14.2941 -27.491
2.87  5.33187 -1.71617   -14.2077 -27.3808
2.88  5.24591 -1.82668   -14.1213 -27.2706
2.89  5.15996 -1.93719   -14.0349 -27.1605
2.9  5.07401 -2.0477   -13.9485 -27.0503
2.91  4.98806 -2.15821   -13.8621 -26.9401
2.92  4.90211 -2.26872   -13.7758 -26.83
2.93  4.81616 -2.37923   -13.6894 -26.7198
2.94  4.7302 -2.48974   -13.603 -26.6096
2.95  4.64425 -2.60025   -13.5166 -26.4994
2.96  4.5583 -2.71076   -13.4302 -26.3893
2.97  4.47235 -2.82127   -13.3438 -26.2791
2.98  4.3864 -2.93177   -13.2575 -26.1689
2.99  4.30045 -3.04228   -13.1711 -26.0588
3  4.21449 -3.15279   -13.0847 -25.9486
3.01  4.12854 -3.2633   -12.9983 -25.8384
3.02  4.04259 -3.37381   -12.9119 -25.7282
3.03  3.95664 -3.48432   -12.8255 -25.6181
3.04  3.87069 -3.59483   -12.7391 -25.5079
3.05  3.78474 -3.70534   -12.6528 -25.3977
3.06  3.69878 -3.81585   -12.5664 -25.2876
3.07  3.61283 -3.92636   -12.48 -25.1774
3.08  3.52688 -4.03687   -12.3936 -25.0672
3.09  3.44093 -4.14738   -12.3072 -24.957
3.1  3.35498 -4.25789   -12.2208 -24.8469
3.11  3.26903 -4.3684   -12.1345 -24.7367
3.12  3.18307 -4.4789   -12.0481 -24.6265
3.13  3.09712 -4.58941   -11.9617 -24.5164
3.14  3.01117 -4.69992   -11.8753 -24.4062
3.15  2.92522 -4.81043   -11.7889 -24.296
3.16  2.83927 -4.92094   -11.7025 -24.1858
3.17  2.75332 -5.03145   -11.6161 -24.0757
3.18  2.66736 -5.14196   -11.5298 -23.9655
3.19  2.58141 -5.25247   -11.4434 -23.8553
3.2  2.49546 -5.36298   -11.357 -23.7452
3.21  2.40951 -5.47349   -11.2706 -23.635
3.22  2.32356 -5.584   -11.1842 -23.5248
3.23  2.23761 -5.69451   -11.0978 -23.4146
3.24  2.15165 -5.80502   -11.0115 -23.3045
3.25  2.0657 -5.91553   -10.9251 -23.1943
3.26  1.97975 -6.02604   -10.8387 -23.0841
3.27  1.8938 -6.13654   -10.7523 -22.974
3.28  1.80785 -6.24705   -10.6659 -22.8638
3.29  1.7219 -6.35756   -10.5795 -22.7536
3.3  1.63594 -6.46807   -10.4932 -22.6434
3.31  1.54999 -6.57858   -10.4068 -22.5333
3.32  1.46404 -6.68909   -10.3204 -22.4231
3.33  1.37809 -6.7996   -10.234 -22.3129
3.34  1.29214 -6.91011   -10.1476 -22.2028
3.35  1.20619 -7.02062   -10.0612 -22.0926
3.36  1.12023 -7.13113   -9.97484 -21.9824
3.37  1.03428 -7.24164   -9.88846 -21.8722
3.38  0.94833 -7.35215   -9.80208 -21.7621
3.39  0.862378 -7.46266   -9.71569 -21.6519
3.4  0.776427 -7.57317   -9.62931 -21.5417
3.41  0.690475 -7.68367   -9.54292 -21.4316
3.42  0.604523 -7.79418   -9.45654 -21.3214
3.43  0.518572 -7.90469   -9.37015 -21.2112
3.44  0.43262 -8.0152   -9.28377 -21.101
3.45  0.346668 -8.12571   -9.19738 -20.9909
3.46  0.260717 -8.23622   -9.111 -20.8807
3.47  0.174765 -8.34673   -9.02462 -20.7705
3.48  0.0888133 -8.45724   -8.93823 -20.6604
3.49  0.00286162 -8.56775   -8.85185 -20.5502
3.5  -0.0830901 -8.67826   -8.76546 -20.44
3.51  -0.169042 -8.78877   -8.67908 -20.3298
3.52  -0.254993 -8.89928   -8.59269 -20.2197
3.53  -0.340945 -9.00979   -8.50631 -20.1095
3.54  -0.426897 -9.1203   -8.41993 -19.9993
3.55  -0.512848 -9.23081   -8.33354 -19.8892
3.56  -0.5988 -9.34131   -8.24716 -19.779
3.57  -0.684752 -9.45182   -8.16077 -19.6688
3.58  -0.770704 -9.56233   -8.07439 -19.5586
3.59  -0.856655 -9.67284   -7.988 -19.4485
3.6  -0.942607 -9.78335   -7.90162 -19.3383
3.61  -1.02856 -9.89386   -7.81523 -19.2281
3.62  -1.11451 -10.0044   -7.72885 -19.118
3.63  -1.20046 -10.1149   -7.64247 -19.0078
3.64  -1.28641 -10.2254   -7.55608 -18.8976
3.65  -1.37237 -10.3359   -7.4697 -18.7874
3.66  -1.45832 -10.4464   -7.38331 -18.6773
3.67  -1.50398 -10.5008   -7.33722 -18.6232
3.68  -1.58992 -10.6113   -7.25084 -18.513
3.69  -1.51322 -10.4942   -7.32785 -18.6299
3.7  -1.51794 -10.4909   -7.3227 -18.6336
3.71  -1.52281 -10.4874   -7.3174 -18.6374
3.72  -1.52781 -10.4839   -7.31197 -18.6413
3.73  -1.53296 -10.4802   -7.30639 -18.6453
3.74  -1.53826 -10.4765   -7.30067 -18.6493
3.75  -1.54371 -10.4727   -7.29479 -18.6535
3.76  -1.54932 -10.4688   -7.28876 -18.6577
3.77  -1.55508 -10.4648   -7.28258 -18.6621
3.78  -1.56101 -10.4606   -7.27623 -18.6665
3.79  -1.56712 -10.4564   -7.26971 -18.6711
3.8  -1.57339 -10.4521   -7.26301 -18.6757
3.81  -1.57984 -10.4476   -7.25614 -18.6805
3.82  -1.58648 -10.4431   -7.24909 -18.6854
3.83  -1.59331 -10.4384   -7.24185 -18.6903
3.84  -1.60034 -10.4337   -7.23442 -18.6954
3.85  -1.60756 -10.4288   -7.22678 -18.7007
3.86  -1.61499 -10.4237   -7.21894 -18.706
3.87  -1.62263 -10.4186   -7.21089 -18.7114
3.88  -1.63049 -10.4133   -7.20263 -18.717
3.89  -1.63858 -10.4079   -7.19414 -18.7227
3.9  -1.6469 -10.4024   -7.18542 -18.7286
3.91  -1.65545 -10.3968   -7.17647 -18.7345
3.92  -1.66425 -10.391   -7.16727 -18.7406
3.93  -1.6733 -10.3851   -7.15783 -18.7469
3.94  -1.68261 -10.379   -7.14812 -18.7533
3.95  -1.69218 -10.3728   -7.13816 -18.7598
3.96  -1.70203 -10.3664   -7.12792 -18.7664
3.97  -1.71216 -10.3599   -7.1174 -18.7732
3.98  -1.72258 -10.3533   -7.10659 -18.7802
3.99  -1.7333 -10.3465   -7.09548 -18.7873
4  -1.74432 -10.3395   -7.08408 -18.7945
4.01  -1.75566 -10.3324   -7.07235 -18.802
4.02  -1.76733 -10.3252   -7.0603 -18.8095
4.03  -1.77933 -10.3177   -7.04793 -18.8173
4.04  -1.79168 -10.3101   -7.0352 -18.8252
4.05  -1.80437 -10.3024   -7.02213 -18.8332
4.06  -1.81744 -10.2945   -7.00869 -18.8414
4.07  -1.83088 -10.2864   -6.99488 -18.8498
4.08  -1.8447 -10.2781   -6.98069 -18.8584
4.09  -1.85893 -10.2696   -6.9661 -18.8671
4.1  -1.87356 -10.261   -6.9511 -18.876
4.11  -1.88861 -10.2522   -6.93568 -18.8851
4.12  -1.9041 -10.2432   -6.91984 -18.8944
4.13  -1.92003 -10.2341   -6.90354 -18.9038
4.14  -1.93642 -10.2248   -6.88679 -18.9135
4.15  -1.95329 -10.2152   -6.86957 -18.9233
4.16  -1.97064 -10.2055   -6.85187 -18.9333
4.17  -1.98849 -10.1956   -6.83367 -18.9434
4.18  -2.00686 -10.1856   -6.81495 -18.9538
4.19  -2.02576 -10.1753   -6.7957 -18.9644
4.2  -2.04521 -10.1648   -6.77591 -18.9751
4.21  -2.06522 -10.1542   -6.75556 -18.986
4.22  -2.08581 -10.1434   -6.73464 -18.9971
4.23  -2.10699 -10.1324   -6.71312 -19.0084
4.24  -2.12879 -10.1212   -6.69099 -19.0199
4.25  -2.15122 -10.1098   -6.66823 -19.0315
4.26  -2.17429 -10.0983   -6.64482 -19.0433
4.27  -2.19804 -10.0865   -6.62075 -19.0553
4.28  -2.22247 -10.0746   -6.59599 -19.0675
4.29  -2.24761 -10.0625   -6.57053 -19.0799
4.3  -2.27348 -10.0503   -6.54434 -19.0924
4.31  -2.3001 -10.0379   -6.5174 -19.1051
4.32  -2.32749 -10.0253   -6.4897 -19.1179
4.33  -2.35567 -10.0125   -6.46121 -19.1309
4.34  -2.38467 -9.99966   -6.4319 -19.1441
4.35  -2.41451 -9.98664   -6.40176 -19.1573
4.36  -2.44521 -9.97348   -6.37076 -19.1708
4.37  -2.47679 -9.96019   -6.33888 -19.1843
4.38  -2.50928 -9.94679   -6.30609 -19.198
4.39  -2.54271 -9.93328   -6.27237 -19.2117
4.4  -2.57711 -9.91967   -6.23768 -19.2256
4.41  -2.61249 -9.90598   -6.20202 -19.2395
4.42  -2.64888 -9.89222   -6.16534 -19.2536
4.43  -2.68632 -9.8784   -6.12762 -19.2676
4.44  -2.72483 -9.86454   -6.08884 -19.2817
4.45  -2.76443 -9.85066   -6.04896 -19.2959
4.46  -2.80516 -9.83677   -6.00795 -19.31
4.47  -2.84705 -9.8229   -5.9658 -19.3241
4.48  -2.89012 -9.80906   -5.92247 -19.3382
4.49  -2.9344 -9.79527   -5.87792 -19.3522
4.5  -2.97993 -9.78157   -5.83214 -19.3662
4.51  -3.02673 -9.76798   -5.78508 -19.38
4.52  -3.07483 -9.75452   -5.73673 -19.3937
4.53  -3.12427 -9.74123   -5.68704 -19.4073
4.54  -3.17507 -9.72813   -5.636 -19.4206
4.55  -3.22727 -9.71527   -5.58356 -19.4337
4.56  -3.28088 -9.70267   -5.52971 -19.4465
4.57  -3.33595 -9.69038   -5.47441 -19.4591
4.58  -3.39251 -9.67844   -5.41763 -19.4712
4.59  -3.45057 -9.66689   -5.35934 -19.483
4.6  -3.51017 -9.65577   -5.29952 -19.4944
4.61  -3.57133 -9.64514   -5.23814 -19.5053
4.62  -3.63409 -9.63504   -5.17517 -19.5156
4.63  -3.69846 -9.62553   -5.11058 -19.5253
4.64  -3.76447 -9.61667   -5.04437 -19.5344
4.65  -3.83214 -9.60851   -4.97649 -19.5428
4.66  -3.90149 -9.60112   -4.90694 -19.5504
4.67  -3.97254 -9.59456   -4.83569 -19.5572
4.68  -4.04531 -9.5889   -4.76272 -19.5631
4.69  -4.11981 -9.58421   -4.68803 -19.5681
4.7  -4.19606 -9.58056   -4.6116 -19.5719
4.71  -4.27405 -9.57804   -4.53343 -19.5747
4.72  -4.35379 -9.57673   -4.4535 -19.5762
4.73  -4.43529 -9.57669   -4.37182 -19.5765
4.74  -4.51855 -9.57803   -4.28839 -19.5754
4.75  -4.60355 -9.58083   -4.20322 -19.5728
4.76  -4.69029 -9.58519   -4.11631 -19.5687
4.77  -4.77875 -9.59118   -4.02768 -19.5629
4.78  -4.86891 -9.59892   -3.93736 -19.5554
4.79  -4.96074 -9.60849   -3.84536 -19.5461
4.8  -5.05421 -9.62   -3.75173 -19.5348
4.81  -5.14929 -9.63355   -3.6565 -19.5215
4.82  -5.24592 -9.64924   -3.55971 -19.506
4.83  -5.34406 -9.66717   -3.46141 -19.4884
4.84  -5.44365 -9.68744   -3.36167 -19.4683
4.85  -5.54462 -9.71016   -3.26055 -19.4458
4.86  -5.64689 -9.73544   -3.15813 -19.4208
4.87  -5.7504 -9.76336   -3.05447 -19.3931
4.88  -5.85503 -9.79402   -2.94968 -19.3627
4.89  -5.96071 -9.82754   -2.84385 -19.3294
4.9  -6.06732 -9.86399   -2.73709 -19.2932
4.91  -6.17475 -9.90346   -2.62951 -19.2539
4.92  -6.28288 -9.94605   -2.52123 -19.2116
4.93  -6.39157 -9.99183   -2.41238 -19.166
4.94  -6.50069 -10.0409   -2.30311 -19.1172
4.95  -6.61009 -10.0932   -2.19355 -19.0651
4.96  -6.71962 -10.149   -2.08386 -19.0096
4.97  -6.82912 -10.2082   -1.9742 -18.9506
4.98  -6.93842 -10.2709   -1.86474 -18.8882
4.99  -7.04734 -10.337   -1.75564 -18.8222
5  -7.15571 -10.4068   -1.6471 -18.7527
5.01  -7.26335 -10.48   -1.53929 -18.6797
5.02  -7.37007 -10.5568   -1.4324 -18.6031
5.03  -7.47567 -10.6371   -1.32661 -18.5231
5.04  -7.57997 -10.7208   -1.22212 -18.4395
5.05  -7.68278 -10.8081   -1.11913 -18.3525
5.06  -7.7839 -10.8987   -1.01781 -18.2621
5.07  -7.88314 -10.9926   -0.918366 -18.1684
5.08  -7.98032 -11.0897   -0.82098 -18.0714
5.09  -8.07526 -11.19   -0.725836 -17.9713
5.1  -8.16777 -11.2933   -0.633112 -17.8682
5.11  -8.25768 -11.3995   -0.542979 -17.7622
5.12  -8.34484 -11.5085   -0.455601 -17.6534
5.13  -8.42908 -11.62   -0.371133 -17.542
5.14  -8.51026 -11.7341   -0.28972 -17.4282
5.15  -8.58824 -11.8503   -0.211504 -17.312
5.16  -8.66474 -11.9676   -0.135013 -17.1948
5.17  -8.74123 -12.0848   -0.0585209 -17.0775
5.18  -8.81772 -12.2021   0.0179708 -16.9603
5.19  -8.89422 -12.3193   0.0944625 -16.843
5.2  -8.97071 -12.4366   0.170954 -16.7258
5.21  -9.04721 -12.5539   0.247446 -16.6085
5.22  -9.1237 -12.6711   0.323938 -16.4912
5.23  -9.20019 -12.7884   0.400429 -16.374
5.24  -9.27669 -12.9056   0.476921 -16.2567
5.25  -9.35318 -13.0229   0.553413 -16.1395
5.26  -9.42968 -13.1401   0.629904 -16.0222
5.27  -9.50617 -13.2574   0.706396 -15.905
5.28  -9.58267 -13.3746   0.782888 -15.7877
5.29  -9.65916 -13.4919   0.85938 -15.6705
5.3  -9.73565 -13.6091   0.935871 -15.5532
5.31  -9.81215 -13.7264   1.01236 -15.4359
5.32  -9.88864 -13.8437   1.08885 -15.3187
5.33  -9.96514 -13.9609   1.16535 -15.2014
5.34  -10.0416 -14.0782   1.24184 -15.0842
5.35  -10.1181 -14.1954   1.31833 -14.9669
5.36  -10.1946 -14.3127   1.39482 -14.8497
5.37  -10.2711 -14.4299   1.47131 -14.7324
5.38  -10.3476 -14.5472   1.5478 -14.6151
5.39  -10.4241 -14.6644   1.6243 -14.4979
5.4  -10.5006 -14.7817   1.70079 -14.3806
5.41  -10.5771 -14.8989   1.77728 -14.2634
5.42  -10.6536 -15.0162   1.85377 -14.1461
5.43  -10.7301 -15.1335   1.93026 -14.0289
5.44  -10.8066 -15.2507   2.00676 -13.9116
5.45  -10.8831 -15.368   2.08325 -13.7944
5.46  -10.9596 -15.4852   2.15974 -13.6771
5.47  -11.0361 -15.6025   2.23623 -13.5598
5.48  -11.1126 -15.7197   2.31272 -13.4426
5.49  -11.189 -15.837   2.38921 -13.3253
5.5  -11.2655 -15.9542   2.46571 -13.2081
5.51  -11.342 -16.0715   2.5422 -13.0908
5.52  -11.4185 -16.1887   2.61869 -12.9736
5.53  -11.495 -16.306   2.69518 -12.8563
5.54  -11.5715 -16.4233   2.77167 -12.739
5.55  -11.648 -16.5405   2.84816 -12.6218
5.56  -11.7245 -16.6578   2.92466 -12.5045
5.57  -11.801 -16.775   3.00115 -12.3873
5.58  -11.8775 -16.8923   3.07764 -12.27
5.59  -11.954 -17.0095   3.15413 -12.1528
5.6  -12.0305 -17.1268   3.23062 -12.0355
5.61  -12.107 -17.244   3.30711 -11.9183
5.62  -12.1835 -17.3613   3.38361 -11.801
5.63  -12.26 -17.4785   3.4601 -11.6837
5.64  -12.3365 -17.5958   3.53659 -11.5665
5.65  -12.413 -17.7131   3.61308 -11.4492
5.66  -12.4894 -17.8303   3.68957 -11.332
5.67  -12.5659 -17.9476   3.76606 -11.2147
5.68  -12.6424 -18.0648   3.84256 -11.0975
5.69  -12.7189 -18.1821   3.91905 -10.9802
5.7  -12.7954 -18.2993   3.99554 -10.8629
5.71  -12.8719 -18.4166   4.07203 -10.7457
5.72  -12.9484 -18.5338   4.14852 -10.6284
5.73  -13.0249 -18.6511   4.22501 -10.5112
5.74  -13.1014 -18.7683   4.30151 -10.3939
5.75  -13.1779 -18.8856   4.378 -10.2767
5.76  -13.2544 -19.0029   4.45449 -10.1594
5.77  -13.3309 -19.1201   4.53098 -10.0422
5.78  -13.4074 -19.2374   4.60747 -9.9249
5.79  -13.4839 -19.3546   4.68396 -9.80764
5.8  -13.5604 -19.4719   4.76046 -9.69038
5.81  -13.6369 -19.5891   4.83695 -9.57313
5.82  -13.7134 -19.7064   4.91344 -9.45587
5.83  -13.7898 -19.8236   4.98993 -9.33862
5.84  -13.8663 -19.9409   5.06642 -9.22136
5.85  -13.9428 -20.0581   5.14291 -9.1041
5.86  -14.0193 -20.1754   5.21941 -8.98685
5.87  -14.0958 -20.2927   5.2959 -8.86959
5.88  -14.1723 -20.4099   5.37239 -8.75233
5.89  -14.2488 -20.5272   5.44888 -8.63508
5.9  -14.3253 -20.6444   5.52537 -8.51782
5.91  -14.4018 -20.7617   5.60187 -8.40057
5.92  -14.4783 -20.8789   5.67836 -8.28331
5.93  -14.5548 -20.9962   5.75485 -8.16605
5.94  -14.6313 -21.1134   5.83134 -8.0488
5.95  -14.7078 -21.2307   5.90783 -7.93154
5.96  -14.7843 -21.3479   5.98432 -7.81429
5.97  -14.8608 -21.4652   6.06082 -7.69703
5.98  -14.9373 -21.5825   6.13731 -7.57977
5.99  -15.0138 -21.6997   6.2138 -7.46252
6  -15.0903 -21.817   6.29029 -7.34526
6.01  -15.1667 -21.9342   6.36678 -7.228
6.02  -15.2432 -22.0515   6.44327 -7.11075
6.03  -15.3197 -22.1687   6.51977 -6.99349
6.04  -15.3962 -22.286   6.59626 -6.87624
6.05  -15.4727 -22.4032   6.67275 -6.75898
6.06  -15.5492 -22.5205   6.74924 -6.64172
6.07  -15.6257 -22.6377   6.82573 -6.52447
6.08  -15.7022 -22.755   6.90222 -6.40721
6.09  -15.7787 -22.8723   6.97872 -6.28995
6.1  -15.8552 -22.9895   7.05521 -6.1727
6.11  -15.9317 -23.1068   7.1317 -6.05544
6.12  -16.0082 -23.224   7.20819 -5.93819
6.13  -16.0847 -23.3413   7.28468 -5.82093
6.14  -16.1612 -23.4585   7.36117 -5.70367
6.15  -16.2377 -23.5758   7.43767 -5.58642
6.16  -16.3142 -23.693   7.51416 -5.46916
6.17  -16.3907 -23.8103   7.59065 -5.3519
6.18  -16.4671 -23.9275   7.66714 -5.23465
6.19  -16.5436 -24.0448   7.74363 -5.11739
6.2  -16.6201 -24.1621   7.82012 -5.00014
6.21  -16.6966 -24.2793   7.89662 -4.88288
6.22  -16.7731 -24.3966   7.97311 -4.76562
6.23  -16.8496 -24.5138   8.0496 -4.64837
6.24  -16.9261 -24.6311   8.12609 -4.53111
6.25  -17.0026 -24.7483   8.20258 -4.41385
6.26  -17.0791 -24.8656   8.27907 -4.2966
6.27  -17.1556 -24.9828   8.35557 -4.17934
6.28  -17.2321 -25.1001   8.43206 -4.06209
6.29  -17.3086 -25.2173   8.50855 -3.94483
6.3  -17.3851 -25.3346   8.58504 -3.82757
6.31  -17.4616 -25.4519   8.66153 -3.71032
6.32  -17.5381 -25.5691   8.73802 -3.59306
6.33  -17.6146 -25.6864   8.81452 -3.47581
6.34  -17.6911 -25.8036   8.89101 -3.35855
6.35  -17.7675 -25.9209   8.9675 -3.24129
6.36  -17.844 -26.0381   9.04399 -3.12404
6.37  -17.9205 -26.1554   9.12048 -3.00678
6.38  -17.997 -26.2726   9.19697 -2.88952
6.39  -18.0735 -26.3899   9.27347 -2.77227
6.4  -18.15 -26.5071   9.34996 -2.65501
6.41  -18.2265 -26.6244   9.42645 -2.53776
6.42  -18.303 -26.7417   9.50294 -2.4205
6.43  -18.3795 -26.8589   9.57943 -2.30324
6.44  -18.456 -26.9762   9.65593 -2.18599
6.45  -18.5325 -27.0934   9.73242 -2.06873
6.46  -18.609 -27.2107   9.80891 -1.95147
6.47  -18.6855 -27.3279   9.8854 -1.83422
6.48  -18.762 -27.4452   9.96189 -1.71696
6.49  -18.8385 -27.5624   10.0384 -1.59971
6.5  -18.915 -27.6797   10.1149 -1.48245
6.51  -18.9915 -27.7969   10.1914 -1.36519
6.52  -19.068 -27.9142   10.2679 -1.24794
6.53  -19.1444 -28.0315   10.3444 -1.13068
6.54  -19.2209 -28.1487   10.4208 -1.01342
6.55  -19.2974 -28.266   10.4973 -0.896168
6.56  -19.3739 -28.3832   10.5738 -0.778912
6.57  -19.4504 -28.5005   10.6503 -0.661656
6.58  -19.5269 -28.6177   10.7268 -0.5444
6.59  -19.6034 -28.735   10.8033 -0.427144
6.6  -19.6799 -28.8522   10.8798 -0.309887
6.61  -19.7564 -28.9695   10.9563 -0.192631
6.62  -19.8329 -29.0867   11.0328 -0.0753749
6.63  -19.9094 -29.204   11.1093 0.0418813
6.64  -19.9859 -29.3213   11.1858 0.159138
6.65  -20.0624 -29.4385   11.2623 0.276394
6.66  -20.1389 -29.5558   11.3387 0.39365
6.67  -20.2154 -29.673   11.4152 0.510906
6.68  -20.2919 -29.7903   11.4917 0.628162
6.69  -20.3684 -29.9075   11.5682 0.745419
6.7  -20.4448 -30.0248   11.6447 0.862675
6.71  -20.5213 -30.142   11.7212 0.979931
6.72  -20.5978 -30.2593   11.7977 1.09719
6.73  -20.6743 -30.3765   11.8742 1.21444
6.74  -20.7508 -30.4938   11.9507 1.3317
6.75  -20.8273 -30.6111   12.0272 1.44896
6.76  -20.9038 -30.7283   12.1037 1.56621
6.77  -20.9803 -30.8456   12.1802 1.68347
6.78  -21.0568 -30.9628   12.2566 1.80072
6.79  -21.1333 -31.0801   12.3331 1.91798
6.8  -21.2098 -31.1973   12.4096 2.03524
6.81  -21.2863 -31.3146   12.4861 2.15249
6.82  -21.3628 -31.4318   12.5626 2.26975
6.83  -21.4393 -31.5491   12.6391 2.38701
6.84  -21.5158 -31.6663   12.7156 2.50426
6.85  -21.5923 -31.7836   12.7921 2.62152
6.86  -21.6688 -31.9009   12.8686 2.73877
6.87  -21.7452 -32.0181   12.9451 2.85603
6.88  -21.8217 -32.1354   13.0216 2.97329
6.89  -21.8982 -32.2526   13.0981 3.09054
6.9  -21.9747 -32.3699   13.1745 3.2078
6.91  -22.0512 -32.4871   13.251 3.32506
6.92  -22.1277 -32.6044   13.3275 3.44231
6.93  -22.2042 -32.7216   13.404 3.55957
6.94  -22.2807 -32.8389   13.4805 3.67682
6.95  -22.3572 -32.9561   13.557 3.79408
6.96  -22.4337 -33.0734   13.6335 3.91134
6.97  -22.5102 -33.1907   13.71 4.02859
6.98  -22.5867 -33.3079   13.7865 4.14585
6.99  -22.6632 -33.4252   13.863 4.2631
7  -22.7397 -33.5424   13.9395 4.38036
7.01  -22.8162 -33.6597   14.016 4.49762
7.02  -22.8927 -33.7769   14.0924 4.61487
7.03  -22.9692 -33.8942   14.1689 4.73213
7.04  -23.0457 -34.0114   14.2454 4.84939
7.05  -23.1221 -34.1287   14.3219 4.96664
7.06  -23.1986 -34.2459   14.3984 5.0839
7.07  -23.2751 -34.3632   14.4749 5.20115
7.08  -23.3516 -34.4805   14.5514 5.31841
7.09  -23.4281 -34.5977   14.6279 5.43567
7.1  -23.5046 -34.715   14.7044 5.55292
7.11  -23.5811 -34.8322   14.7809 5.67018
7.12  -23.6576 -34.9495   14.8574 5.78744
7.13  -23.7341 -35.0667   14.9339 5.90469
7.14  -23.8106 -35.184   15.0103 6.02195
7.15  -23.8871 -35.3012   15.0868 6.1392
7.16  -23.9636 -35.4185   15.1633 6.25646
7.17  -24.0401 -35.5357   15.2398 6.37372
7.18  -24.1166 -35.653   15.3163 6.49097
7.19  -24.1931 -35.7703   15.3928 6.60823
7.2  -24.2696 -35.8875   15.4693 6.72549
7.21  -24.3461 -36.0048   15.5458 6.84274
7.22  -24.4225 -36.122   15.6223 6.96
7.23  -24.499 -36.2393   15.6988 7.07725
7.24  -24.5755 -36.3565   15.7753 7.19451
7.25  -24.652 -36.4738   15.8518 7.31177
7.26  -24.7285 -36.591   15.9282 7.42902
7.27  -24.805 -36.7083   16.0047 7.54628
7.28  -24.8815 -36.8255   16.0812 7.66354
7.29  -24.958 -36.9428   16.1577 7.78079
7.3  -25.0345 -37.0601   16.2342 7.89805
7.31  -25.111 -37.1773   16.3107 8.0153
7.32  -25.1875 -37.2946   16.3872 8.13256
7.33  -25.264 -37.4118   16.4637 8.24982
7.34  -25.3405 -37.5291   16.5402 8.36707
7.35  -25.417 -37.6463   16.6167 8.48433
7.36  -25.4935 -37.7636   16.6932 8.60158
7.37  -25.57 -37.8808   16.7697 8.71884
7.38  -25.6465 -37.9981   16.8461 8.8361
7.39  -25.7229 -38.1154   16.9226 8.95335
7.4  -25.7994 -38.2326   16.9991 9.07061
7.41  -25.8759 -38.3499   17.0756 9.18787
7.42  -25.9524 -38.4671   17.1521 9.30512
7.43  -26.0289 -38.5844   17.2286 9.42238
7.44  -26.1054 -38.7016   17.3051 9.53963
7.45  -26.1819 -38.8189   17.3816 9.65689
7.46  -26.2584 -38.9361   17.4581 9.77415
7.47  -26.3349 -39.0534   17.5346 9.8914
7.48  -26.4114 -39.1706   17.6111 10.0087
7.49  -26.4879 -39.2879   17.6876 10.1259
7.5  -26.5644 -39.4052   17.764 10.2432
7.51  -26.6409 -39.5224   17.8405 10.3604
7.52  -26.7174 -39.6397   17.917 10.4777
7.53  -26.7939 -39.7569   17.9935 10.5949
7.54  -26.8704 -39.8742   18.07 10.7122
7.55  -26.9469 -39.9914   18.1465 10.8295
7.56  -27.0234 -40.1087   18.223 10.9467
7.57  -27.0998 -40.2259   18.2995 11.064
7.58  -27.1763 -40.3432   18.376 11.1812
7.59  -27.2528 -40.4604   18.4525 11.2985
7.6  -27.3293 -40.5777   18.529 11.4157
7.61  -27.4058 -40.695   18.6055 11.533
7.62  -27.4823 -40.8122   18.6819 11.6502
7.63  -27.5588 -40.9295   18.7584 11.7675
7.64  -27.6353 -41.0467   18.8349 11.8848
7.65  -27.7118 -41.164   18.9114 12.002
7.66  -27.7883 -41.2812   18.9879 12.1193
7.67  -27.8648 -41.3985   19.0644 12.2365
7.68  -27.9413 -41.5157   19.1409 12.3538
7.69  -28.0178 -41.633   19.2174 12.471
7.7  -28.0943 -41.7502   19.2939 12.5883
7.71  -28.1708 -41.8675   19.3704 12.7056
7.72  -28.2473 -41.9848   19.4469 12.8228
7.73  -28.3238 -42.102   19.5234 12.9401
7.74  -28.4002 -42.2193   19.5998 13.0573
7.75  -28.4767 -42.3365   19.6763 13.1746
7.76  -28.5532 -42.4538   19.7528 13.2918
7.77  -28.6297 -42.571   19.8293 13.4091
7.78  -28.7062 -42.6883   19.9058 13.5263
7.79  -28.7827 -42.8055   19.9823 13.6436
7.8  -28.8592 -42.9228   20.0588 13.7609
7.81  -28.9357 -43.04   20.1353 13.8781
7.82  -29.0122 -43.1573   20.2118 13.9954
7.83  -29.0887 -43.2746   20.2883 14.1126
7.84  -29.1652 -43.3918   20.3648 14.2299
7.85  -29.2417 -43.5091   20.4413 14.3471
7.86  -29.3182 -43.6263   20.5177 14.4644
7.87  -29.3947 -43.7436   20.5942 14.5817
7.88  -29.4712 -43.8608   20.6707 14.6989
7.89  -29.5477 -43.9781   20.7472 14.8162
7.9  -29.6242 -44.0953   20.8237 14.9334
7.91  -29.7006 -44.2126   20.9002 15.0507
7.92  -29.7771 -44.3298   20.9767 15.1679
7.93  -29.8536 -44.4471   21.0532 15.2852
7.94  -29.9301 -44.5644   21.1297 15.4024
7.95  -30.0066 -44.6816   21.2062 15.5197
7.96  -30.0831 -44.7989   21.2827 15.637
7.97  -30.1596 -44.9161   21.3592 15.7542
7.98  -30.2361 -45.0334   21.4356 15.8715
7.99  -30.3126 -45.1506   21.5121 15.9887
8  -30.3891 -45.2679   21.5886 16.106
8.01  -30.4656 -45.3851   21.6651 16.2232
8.02  -30.5421 -45.5024   21.7416 16.3405
8.03  -30.6186 -45.6196   21.8181 16.4578
8.04  -30.6951 -45.7369   21.8946 16.575
8.05  -30.7716 -45.8542   21.9711 16.6923
8.06  -30.8481 -45.9714   22.0476 16.8095
8.07  -30.9246 -46.0887   22.1241 16.9268
8.08  -31.0011 -46.2059   22.2006 17.044
8.09  -31.0775 -46.3232   22.2771 17.1613
8.1  -31.154 -46.4404   22.3535 17.2785
8.11  -31.2305 -46.5577   22.43 17.3958
8.12  -31.307 -46.6749   22.5057 17.5118
8.13  -31.3835 -46.7922   22.5807 17.6267
8.14  -31.46 -46.9094   22.6548 17.7404
8.15  -31.5365 -47.0267   22.7283 17.853
8.16  -31.613 -47.144   22.801 17.9645
8.17  -31.6895 -47.2612   22.873 18.0748
8.18  -31.766 -47.3785   22.9443 18.1841
8.19  -31.8425 -47.4957   23.0148 18.2922
8.2  -31.919 -47.613   23.0847 18.3993
8.21  -31.9955 -47.7302   23.1538 18.5053
8.22  -32.072 -47.8475   23.2223 18.6103
8.23  -32.1485 -47.9647   23.2901 18.7142
8.24  -32.225 -48.082   23.3572 18.817
8.25  -32.3015 -48.1992   23.4236 18.9189
8.26  -32.3779 -48.3165   23.4894 19.0197
8.27  -32.4542 -48.4333   23.5545 19.1195
8.28  -32.5296 -48.549   23.6189 19.2183
8.29  -32.6043 -48.6635   23.6827 19.3161
8.3  -32.6783 -48.7769   23.7459 19.4129
8.31  -32.7515 -48.8891   23.8085 19.5088
8.32  -32.824 -49.0002   23.8704 19.6037
8.33  -32.8957 -49.1102   23.9317 19.6977
8.34  -32.9668 -49.2191   23.9923 19.7907
8.35  -33.0371 -49.3269   24.0524 19.8828
8.36  -33.1068 -49.4336   24.1119 19.974
8.37  -33.1757 -49.5393   24.1708 20.0642
8.38  -33.2439 -49.6439   24.2291 20.1536
8.39  -33.3115 -49.7475   24.2868 20.2421
8.4  -33.3784 -49.85   24.3439 20.3296
8.41  -33.4446 -49.9515   24.4005 20.4163
8.42  -33.5101 -50.052   24.4565 20.5022
8.43  -33.575 -50.1515   24.5119 20.5872
8.44  -33.6393 -50.25   24.5668 20.6713
8.45  -33.7029 -50.3475   24.6211 20.7546
8.46  -33.7659 -50.444   24.6749 20.837
8.47  -33.8282 -50.5395   24.7282 20.9187
8.48  -33.8899 -50.6341   24.7809 20.9995
8.49  -33.951 -50.7278   24.8331 21.0795
8.5  -34.0115 -50.8205   24.8847 21.1587
8.51  -34.0714 -50.9123   24.9359 21.2371
8.52  -34.1307 -51.0032   24.9865 21.3147
8.53  -34.1894 -51.0932   25.0367 21.3916
8.54  -34.2475 -51.1822   25.0863 21.4677
8.55  -34.305 -51.2704   25.1354 21.543
8.56  -34.362 -51.3577   25.1841 21.6176
8.57  -34.4183 -51.4441   25.2322 21.6914
8.58  -34.4742 -51.5297   25.2799 21.7645
8.59  -34.5294 -51.6144   25.3271 21.8368
8.6  -34.5841 -51.6982   25.3738 21.9084
8.61  -34.6383 -51.7813   25.4201 21.9794
8.62  -34.6919 -51.8635   25.4659 22.0496
8.63  -34.745 -51.9448   25.5113 22.1191
8.64  -34.7975 -52.0254   25.5561 22.1879
8.65  -34.8496 -52.1051   25.6006 22.256
8.66  -34.9011 -52.1841   25.6446 22.3234
8.67  -34.9521 -52.2622   25.6881 22.3902
8.68  -35.0025 -52.3396   25.7312 22.4563
8.69  -35.0525 -52.4162   25.7739 22.5217
8.7  -35.102 -52.492   25.8162 22.5865
8.71  -35.151 -52.5671   25.858 22.6507
8.72  -35.1995 -52.6415   25.8995 22.7142
8.73  -35.2475 -52.715   25.9405 22.777
8.74  -35.295 -52.7879   25.9811 22.8392
8.75  -35.342 -52.86   26.0212 22.9009
8.76  -35.3886 -52.9314   26.061 22.9618
8.77  -35.4347 -53.0021   26.1004 23.0222
8.78  -35.4804 -53.0721   26.1394 23.082
8.79  -35.5256 -53.1414   26.178 23.1412
8.8  -35.5703 -53.2099   26.2162 23.1998
8.81  -35.6146 -53.2778   26.2541 23.2578
8.82  -35.6585 -53.3451   26.2915 23.3152
8.83  -35.7019 -53.4116   26.3286 23.372
8.84  -35.7449 -53.4775   26.3653 23.4283
8.85  -35.7874 -53.5427   26.4017 23.484
8.86  -35.8295 -53.6073   26.4377 23.5392
8.87  -35.8712 -53.6712   26.4733 23.5938
8.88  -35.9125 -53.7345   26.5086 23.6479
8.89  -35.9534 -53.7972   26.5435 23.7014
8.9  -35.9939 -53.8592   26.578 23.7544
8.91  -36.0339 -53.9206   26.6123 23.8068
8.92  -36.0736 -53.9814   26.6461 23.8588
8.93  -36.1129 -54.0416   26.6797 23.9102
8.94  -36.1517 -54.1012   26.7129 23.9611
8.95  -36.1902 -54.1602   26.7457 24.0115
8.96  -36.2283 -54.2186   26.7783 24.0613
8.97  -36.266 -54.2764   26.8105 24.1107
8.98  -36.3034 -54.3336   26.8424 24.1596
8.99  -36.3403 -54.3903   26.874 24.208
9  -36.3769 -54.4464   26.9052 24.256
9.01  -36.4132 -54.5019   26.9362 24.3034
9.02  -36.449 -54.5569   26.9668 24.3504
9.03  -36.4845 -54.6113   26.9972 24.3969
9.04  -36.5197 -54.6652   27.0272 24.4429
9.05  -36.5545 -54.7185   27.0569 24.4885
9.06  -36.589 -54.7714   27.0863 24.5336
9.07  -36.6231 -54.8236   27.1155 24.5782
9.08  -36.6568 -54.8754   27.1443 24.6225
9.09  -36.6903 -54.9267   27.1729 24.6662
9.1  -36.7234 -54.9774   27.2012 24.7096
9.11  -36.7561 -55.0276   27.2291 24.7525
9.12  -36.7886 -55.0773   27.2568 24.7949
9.13  -36.8207 -55.1266   27.2843 24.837
9.14  -36.8525 -55.1753   27.3114 24.8786
9.15  -36.884 -55.2235   27.3383 24.9198
9.16  -36.9151 -55.2713   27.3649 24.9606
9.17  -36.946 -55.3186   27.3913 25.001
9.18  -36.9765 -55.3654   27.4174 25.041
9.19  -37.0067 -55.4118   27.4432 25.0806
9.2  -37.0367 -55.4576   27.4688 25.1198
9.21  -37.0663 -55.5031   27.4941 25.1586
9.22  -37.0956 -55.548   27.5191 25.197
9.23  -37.1247 -55.5926   27.544 25.2351
9.24  -37.1534 -55.6366   27.5685 25.2727
9.25  -37.1819 -55.6803   27.5928 25.31
9.26  -37.2101 -55.7235   27.6169 25.3469
9.27  -37.238 -55.7662   27.6407 25.3834
9.28  -37.2656 -55.8086   27.6643 25.4196
9.29  -37.2929 -55.8505   27.6877 25.4554
9.3  -37.32 -55.892   27.7108 25.4908
9.31  -37.3468 -55.9331   27.7337 25.5259
9.32  -37.3733 -55.9737   27.7564 25.5607
9.33  -37.3996 -56.014   27.7788 25.5951
9.34  -37.4256 -56.0538   27.801 25.6291
9.35  -37.4514 -56.0933   27.823 25.6628
9.36  -37.4768 -56.1324   27.8448 25.6962
9.37  -37.5021 -56.1711   27.8663 25.7292
9.38  -37.5271 -56.2093   27.8877 25.7619
9.39  -37.5518 -56.2472   27.9088 25.7943
9.4  -37.5763 -56.2848   27.9297 25.8264
9.41  -37.6005 -56.3219   27.9504 25.8581
9.42  -37.6245 -56.3587   27.9709 25.8895
9.43  -37.6483 -56.3951   27.9912 25.9206
9.44  -37.6718 -56.4312   28.0113 25.9514
9.45  -37.6951 -56.4669   28.0312 25.9819
9.46  -37.7181 -56.5022   28.0508 26.0121
9.47  -37.7409 -56.5372   28.0703 26.042
9.48  -37.7635 -56.5718   28.0896 26.0715
9.49  -37.7859 -56.6061   28.1087 26.1008
9.5  -37.808 -56.64   28.1276 26.1298
9.51  -37.8299 -56.6736   28.1464 26.1585
9.52  -37.8516 -56.7069   28.1649 26.1869
9.53  -37.8731 -56.7398   28.1833 26.2151
9.54  -37.8944 -56.7724   28.2014 26.2429
9.55  -37.9155 -56.8047   28.2194 26.2705
9.56  -37.9363 -56.8366   28.2372 26.2978
9.57  -37.9569 -56.8683   28.2548 26.3248
9.58  -37.9774 -56.8996   28.2723 26.3516
9.59  -37.9976 -56.9306   28.2896 26.378
9.6  -38.0176 -56.9613   28.3067 26.4043
9.61  -38.0374 -56.9917   28.3236 26.4302
9.62  -38.0571 -57.0218   28.3404 26.4559
9.63  -38.0765 -57.0515   28.357 26.4814
9.64  -38.0957 -57.081   28.3734 26.5065
9.65  -38.1148 -57.1102   28.3897 26.5315
9.66  -38.1336 -57.1391   28.4058 26.5562
9.67  -38.1523 -57.1677   28.4217 26.5806
9.68  -38.1708 -57.196   28.4375 26.6048
9.69  -38.1891 -57.2241   28.4531 26.6287
9.7  -38.2072 -57.2518   28.4686 26.6525
9.71  -38.2251 -57.2793   28.4839 26.6759
9.72  -38.2428 -57.3065   28.4991 26.6992
9.73  -38.2604 -57.3335   28.5141 26.7222
9.74  -38.2778 -57.3601   28.5289 26.745
9.75  -38.295 -57.3865   28.5436 26.7675
9.76  -38.3121 -57.4127   28.5582 26.7898
9.77  -38.329 -57.4385   28.5726 26.8119
9.78  -38.3457 -57.4642   28.5869 26.8338
9.79  -38.3622 -57.4895   28.601 26.8555
9.8  -38.3786 -57.5146   28.615 26.8769
9.81  -38.3948 -57.5395   28.6289 26.8982
9.82  -38.4109 -57.5641   28.6426 26.9192
9.83  -38.4268 -57.5884   28.6562 26.94
9.84  -38.4425 -57.6126   28.6696 26.9606
9.85  -38.4581 -57.6364   28.6829 26.981
9.86  -38.4735 -57.6601   28.6961 27.0012
9.87  -38.4887 -57.6835   28.7091 27.0212
9.88  -38.5039 -57.7066   28.722 27.0409
9.89  -38.5188 -57.7296   28.7348 27.0605
9.9  -38.5336 -57.7523   28.7475 27.0799
9.91  -38.5483 -57.7747   28.76 27.0991
9.92  -38.5628 -57.797   28.7724 27.1181
9.93  -38.5772 -57.819   28.7847 27.137
9.94  -38.5914 -57.8408   28.7968 27.1556
9.95  -38.6055 -57.8624   28.8088 27.174
9.96  -38.6194 -57.8838   28.8207 27.1923
9.97  -38.6332 -57.905   28.8325 27.2104
9.98  -38.6469 -57.9259   28.8442 27.2283
9.99  -38.6604 -57.9467   28.8558 27.246
10  -38.6738 -57.9672   28.8672 27.2635
10.01  -38.6871 -57.9875   28.8785 27.2809
10.02  -38.7002 -58.0076   28.8898 27.2981
10.03  -38.7132 -58.0276   28.9009 27.3151
10.04  -38.7261 -58.0473   28.9119 27.3319
10.05  -38.7388 -58.0668   28.9227 27.3486
10.06  -38.7514 -58.0861   28.9335 27.3651
10.07  -38.7639 -58.1053   28.9442 27.3815
10.08  -38.7763 -58.1242   28.9547 27.3977
10.09  -38.7885 -58.143   28.9652 27.4137
10.1  -38.8006 -58.1616   28.9755 27.4296
10.11  -38.8126 -58.1799   28.9858 27.4453
10.12  -38.8245 -58.1981   28.9959 27.4608
10.13  -38.8363 -58.2162   29.006 27.4762
10.14  -38.8479 -58.234   29.0159 27.4914
10.15  -38.8594 -58.2517   29.0257 27.5065
10.16  -38.8708 -58.2691   29.0355 27.5215
10.17  -38.8821 -58.2865   29.0451 27.5363
10.18  -38.8933 -58.3036   29.0547 27.5509
10.19  -38.9044 -58.3206   29.0641 27.5654
10.2  -38.9153 -58.3374   29.0735 27.5797
10.21  -38.9262 -58.354   29.0828 27.5939
10.22  -38.9369 -58.3704   29.0919 27.608
10.23  -38.9475 -58.3867   29.101 27.6219
10.24  -38.9581 -58.4029   29.11 27.6357
10.25  -38.9685 -58.4188   29.1189 27.6493
10.26  -38.9788 -58.4346   29.1277 27.6628
10.27  -38.989 -58.4503   29.1364 27.6762
10.28  -38.9991 -58.4658   29.1451 27.6894
10.29  -39.0091 -58.4811   29.1536 27.7026
10.3  -39.019 -58.4963   29.1621 27.7155
10.31  -39.0288 -58.5114   29.1705 27.7284
10.32  -39.0386 -58.5263   29.1788 27.7411
10.33  -39.0482 -58.541   29.187 27.7537
10.34  -39.0577 -58.5556   29.1951 27.7661
10.35  -39.0671 -58.57   29.2031 27.7785
10.36  -39.0764 -58.5843   29.2111 27.7907
10.37  -39.0857 -58.5985   29.219 27.8028
10.38  -39.0948 -58.6125   29.2268 27.8148
10.39  -39.1039 -58.6264   29.2345 27.8266
10.4  -39.1128 -58.6401   29.2422 27.8383
10.41  -39.1217 -58.6537   29.2498 27.85
10.42  -39.1305 -58.6672   29.2573 27.8615
10.43  -39.1392 -58.6805   29.2647 27.8728
10.44  -39.1478 -58.6937   29.2721 27.8841
10.45  -39.1563 -58.7068   29.2793 27.8953
10.46  -39.1648 -58.7197   29.2865 27.9063
10.47  -39.1731 -58.7325   29.2937 27.9173
10.48  -39.1814 -58.7452   29.3007 27.9281
10.49  -39.1896 -58.7577   29.3077 27.9388
10.5  -39.1977 -58.7701   29.3147 27.9494
10.51  -39.2057 -58.7824   29.3215 27.9599
10.52  -39.2136 -58.7946   29.3283 27.9703
10.53  -39.2215 -58.8067   29.335 27.9806
10.54  -39.2293 -58.8186   29.3417 27.9908
10.55  -39.237 -58.8304   29.3482 28.0009
10.56  -39.2446 -58.8421   29.3548 28.0109
10.57  -39.2522 -58.8537   29.3612 28.0208
10.58  -39.2596 -58.8652   29.3676 28.0306
10.59  -39.2671 -58.8765   29.3739 28.0403
10.6  -39.2744 -58.8877   29.3802 28.0499
10.61  -39.2816 -58.8989   29.3864 28.0594
10.62  -39.2888 -58.9099   29.3925 28.0688
10.63  -39.2959 -58.9208   29.3986 28.0781
10.64  -39.303 -58.9316   29.4046 28.0873
10.65  -39.3099 -58.9422   29.4106 28.0964
10.66  -39.3168 -58.9528   29.4165 28.1055
10.67  -39.3237 -58.9633   29.4223 28.1144
10.68  -39.3304 -58.9737   29.4281 28.1233
10.69  -39.3371 -58.9839   29.4338 28.132
10.7  -39.3438 -58.9941   29.4395 28.1407
10.71  -39.3503 -59.0041   29.4451 28.1493
10.72  -39.3568 -59.0141   29.4506 28.1578
10.73  -39.3633 -59.024   29.4561 28.1662
10.74  -39.3696 -59.0337   29.4615 28.1746
10.75  -39.3759 -59.0434   29.4669 28.1828
10.76  -39.3822 -59.053   29.4723 28.191
10.77  -39.3883 -59.0624   29.4775 28.1991
10.78  -39.3945 -59.0718   29.4828 28.2071
10.79  -39.4005 -59.0811   29.4879 28.215
10.8  -39.4065 -59.0903   29.4931 28.2229
10.81  -39.4124 -59.0994   29.4981 28.2307
10.82  -39.4183 -59.1084   29.5031 28.2384
10.83  -39.4241 -59.1173   29.5081 28.246
10.84  -39.4299 -59.1261   29.513 28.2535
10.85  -39.4356 -59.1349   29.5179 28.261
10.86  -39.4412 -59.1435   29.5227 28.2684
10.87  -39.4468 -59.1521   29.5275 28.2757
10.88  -39.4524 -59.1606   29.5322 28.2829
10.89  -39.4578 -59.1689   29.5369 28.2901
10.9  -39.4633 -59.1773   29.5415 28.2972
10.91  -39.4686 -59.1855   29.5461 28.3042
10.92  -39.4739 -59.1936   29.5506 28.3112
10.93  -39.4792 -59.2017   29.5551 28.3181
10.94  -39.4844 -59.2097   29.5596 28.3249
10.95  -39.4896 -59.2176   29.564 28.3316
10.96  -39.4947 -59.2254   29.5684 28.3383
10.97  -39.4997 -59.2331   29.5727 28.3449
10.98  -39.5047 -59.2408   29.5769 28.3515
10.99  -39.5097 -59.2484   29.5812 28.358
11  -39.5146 -59.2559   29.5854 28.3644
11.01  -39.5194 -59.2634   29.5895 28.3708
11.02  -39.5242 -59.2707   29.5936 28.377
11.03  -39.529 -59.278   29.5977 28.3833
11.04  -39.5337 -59.2852   29.6017 28.3894
11.05  -39.5384 -59.2924   29.6057 28.3955
11.06  -39.543 -59.2995   29.6096 28.4016
11.07  -39.5476 -59.3065   29.6135 28.4076
11.08  -39.5521 -59.3134   29.6174 28.4135
11.09  -39.5566 -59.3203   29.6212 28.4194
11.1  -39.561 -59.3271   29.625 28.4252
11.11  -39.5654 -59.3338   29.6288 28.4309
11.12  -39.5697 -59.3405   29.6325 28.4366
11.13  -39.574 -59.3471   29.6361 28.4422
11.14  -39.5783 -59.3536   29.6398 28.4478
11.15  -39.5825 -59.3601   29.6434 28.4533
11.16  -39.5867 -59.3665   29.647 28.4588
11.17  -39.5908 -59.3728   29.6505 28.4642
11.18  -39.5949 -59.3791   29.654 28.4696
11.19  -39.599 -59.3853   29.6574 28.4749
11.2  -39.603 -59.3914   29.6609 28.4801
11.21  -39.6069 -59.3975   29.6643 28.4853
11.22  -39.6109 -59.4035   29.6676 28.4905
11.23  -39.6148 -59.4095   29.6709 28.4956
11.24  -39.6186 -59.4154   29.6742 28.5006
11.25  -39.6224 -59.4212   29.6775 28.5056
11.26  -39.6262 -59.427   29.6807 28.5106
11.27  -39.6299 -59.4328   29.6839 28.5155
11.28  -39.6336 -59.4384   29.6871 28.5203
11.29  -39.6373 -59.444   29.6902 28.5251
11.3  -39.6409 -59.4496   29.6933 28.5298
11.31  -39.6445 -59.4551   29.6964 28.5345
11.32  -39.6481 -59.4606   29.6994 28.5392
11.33  -39.6516 -59.466   29.7024 28.5438
11.34  -39.6551 -59.4713   29.7054 28.5484
11.35  -39.6585 -59.4766   29.7083 28.5529
11.36  -39.6619 -59.4818   29.7112 28.5574
11.37  -39.6653 -59.487   29.7141 28.5618
11.38  -39.6687 -59.4921   29.717 28.5662
11.39  -39.672 -59.4972   29.7198 28.5705
11.4  -39.6753 -59.5022   29.7226 28.5748
11.41  -39.6785 -59.5072   29.7254 28.579
11.42  -39.6817 -59.5121   29.7281 28.5833
11.43  -39.6849 -59.517   29.7309 28.5874
11.44  -39.6881 -59.5218   29.7336 28.5916
11.45  -39.6912 -59.5266   29.7362 28.5956
11.46  -39.6943 -59.5314   29.7389 28.5997
11.47  -39.6973 -59.5361   29.7415 28.6037
11.48  -39.7004 -59.5407   29.744 28.6076
11.49  -39.7034 -59.5453   29.7466 28.6116
11.5  -39.7063 -59.5498   29.7491 28.6155
11.51  -39.7093 -59.5543   29.7517 28.6193
11.52  -39.7122 -59.5588   29.7541 28.6231
11.53  -39.715 -59.5632   29.7566 28.6269
11.54  -39.7179 -59.5676   29.759 28.6306
11.55  -39.7207 -59.5719   29.7614 28.6343
11.56  -39.7235 -59.5762   29.7638 28.638
11.57  -39.7263 -59.5804   29.7662 28.6416
11.58  -39.729 -59.5846   29.7685 28.6452
11.59  -39.7317 -59.5888   29.7708 28.6487
11.6  -39.7344 -59.5929   29.7731 28.6522
11.61  -39.7371 -59.5969   29.7754 28.6557
11.62  -39.7397 -59.601   29.7776 28.6591
11.63  -39.7423 -59.605   29.7799 28.6626
11.64  -39.7449 -59.6089   29.7821 28.6659
11.65  -39.7474 -59.6128   29.7842 28.6693
11.66  -39.7499 -59.6167   29.7864 28.6726
11.67  -39.7524 -59.6205   29.7885 28.6759
11.68  -39.7549 -59.6243   29.7907 28.6791
11.69  -39.7574 -59.6281   29.7927 28.6823
11.7  -39.7598 -59.6318   29.7948 28.6855
11.71  -39.7622 -59.6355   29.7969 28.6886
11.72  -39.7646 -59.6391   29.7989 28.6917
11.73  -39.7669 -59.6427   29.8009 28.6948
11.74  -39.7693 -59.6463   29.8029 28.6979
11.75  -39.7716 -59.6498   29.8049 28.7009
11.76  -39.7739 -59.6534   29.8068 28.7039
11.77  -39.7761 -59.6568   29.8088 28.7068
11.78  -39.7784 -59.6602   29.8107 28.7098
11.79  -39.7806 -59.6636   29.8126 28.7127
11.8  -39.7828 -59.667   29.8144 28.7156
11.81  -39.7849 -59.6703   29.8163 28.7184
11.82  -39.7871 -59.6736   29.8181 28.7212
11.83  -39.7892 -59.6769   29.82 28.724
11.84  -39.7913 -59.6801   29.8218 28.7268
11.85  -39.7934 -59.6833   29.8235 28.7295
11.86  -39.7955 -59.6865   29.8253 28.7322
11.87  -39.7975 -59.6896   29.827 28.7349
11.88  -39.7995 -59.6927   29.8288 28.7375
11.89  -39.8016 -59.6958   29.8305 28.7402
11.9  -39.8035 -59.6988   29.8322 28.7427
11.91  -39.8055 -59.7019   29.8339 28.7453
11.92  -39.8074 -59.7048   29.8355 28.7479
11.93  -39.8094 -59.7078   29.8372 28.7504
11.94  -39.8113 -59.7107   29.8388 28.7529
11.95  -39.8132 -59.7136   29.8404 28.7554
11.96  -39.815 -59.7165   29.842 28.7578
11.97  -39.8169 -59.7193   29.8436 28.7602
11.98  -39.8187 -59.7221   29.8451 28.7626
11.99  -39.8205 -59.7249   29.8467 28.765
12  -39.8223 -59.7276   29.8482 28.7673
12.01  -39.8241 -59.7304   29.8497 28.7697
12.02  -39.8259 -59.7331   29.8513 28.772
12.03  -39.8276 -59.7357   29.8527 28.7743
12.04  -39.8293 -59.7384   29.8542 28.7765
12.05  -39.831 -59.741   29.8557 28.7787
12.06  -39.8327 -59.7436   29.8571 28.781
12.07  -39.8344 -59.7461   29.8585 28.7832
12.08  -39.836 -59.7487   29.86 28.7853
12.09  -39.8377 -59.7512   29.8614 28.7875
12.1  -39.8393 -59.7537   29.8627 28.7896
12.11  -39.8409 -59.7561   29.8641 28.7917
12.12  -39.8425 -59.7586   29.8655 28.7938
12.13  -39.8441 -59.761   29.8668 28.7958
12.14  -39.8456 -59.7634   29.8682 28.7979
12.15  -39.8472 -59.7658   29.8695 28.7999
12.16  -39.8487 -59.7681   29.8708 28.8019
12.17  -39.8502 -59.7704   29.8721 28.8039
12.18  -39.8517 -59.7727   29.8733 28.8058
12.19  -39.8532 -59.775   29.8746 28.8078
12.2  -39.8547 -59.7772   29.8759 28.8097
12.21  -39.8561 -59.7795   29.8771 28.8116
12.22  -39.8576 -59.7817   29.8783 28.8135
12.23  -39.859 -59.7839   29.8796 28.8154
12.24  -39.8604 -59.786   29.8808 28.8172
12.25  -39.8618 -59.7882   29.882 28.819
12.26  -39.8632 -59.7903   29.8831 28.8208
12.27  -39.8645 -59.7924   29.8843 28.8226
12.28  -39.8659 -59.7944   29.8855 28.8244
12.29  -39.8672 -59.7965   29.8866 28.8262
12.3  -39.8686 -59.7985   29.8877 28.8279
12.31  -39.8699 -59.8006   29.8889 28.8296
12.32  -39.8712 -59.8025   29.89 28.8313
12.33  -39.8725 -59.8045   29.8911 28.833
12.34  -39.8737 -59.8065   29.8922 28.8347
12.35  -39.875 -59.8084   29.8932 28.8363
12.36  -39.8763 -59.8103   29.8943 28.838
12.37  -39.8775 -59.8122   29.8954 28.8396
12.38  -39.8787 -59.8141   29.8964 28.8412
12.39  -39.8799 -59.816   29.8974 28.8428
12.4  -39.8811 -59.8178   29.8985 28.8444
12.41  -39.8823 -59.8196   29.8995 28.8459
12.42  -39.8835 -59.8214   29.9005 28.8475
12.43  -39.8847 -59.8232   29.9015 28.849
12.44  -39.8858 -59.825   29.9025 28.8505
12.45  -39.887 -59.8267   29.9034 28.852
12.46  -39.8881 -59.8285   29.9044 28.8535
12.47  -39.8892 -59.8302   29.9054 28.8549
12.48  -39.8903 -59.8319   29.9063 28.8564
12.49  -39.8914 -59.8336   29.9073 28.8578
12.5  -39.8925 -59.8352   29.9082 28.8592
12.51  -39.8936 -59.8369   29.9091 28.8607
12.52  -39.8946 -59.8385   29.91 28.862
12.53  -39.8957 -59.8401   29.9109 28.8634
12.54  -39.8967 -59.8417   29.9118 28.8648
12.55  -39.8978 -59.8433   29.9127 28.8661
12.56  -39.8988 -59.8449   29.9136 28.8675
12.57  -39.8998 -59.8464   29.9144 28.8688
12.58  -39.9008 -59.848   29.9153 28.8701
12.59  -39.9018 -59.8495   29.9161 28.8714
12.6  -39.9028 -59.851   29.917 28.8727
12.61  -39.9038 -59.8525   29.9178 28.874
12.62  -39.9047 -59.8539   29.9186 28.8752
12.63  -39.9057 -59.8554   29.9194 28.8765
12.64  -39.9066 -59.8569   29.9202 28.8777
12.65  -39.9075 -59.8583   29.921 28.8789
12.66  -39.9085 -59.8597   29.9218 28.8802
12.67  -39.9094 -59.8611   29.9226 28.8814
12.68  -39.9103 -59.8625   29.9234 28.8825
12.69  -39.9112 -59.8639   29.9241 28.8837
12.7  -39.9121 -59.8652   29.9249 28.8849
12.71  -39.913 -59.8666   29.9256 28.886
12.72  -39.9138 -59.8679   29.9264 28.8872
12.73  -39.9147 -59.8692   29.9271 28.8883
12.74  -39.9155 -59.8705   29.9279 28.8894
12.75  -39.9164 -59.8718   29.9286 28.8905
12.76  -39.9172 -59.8731   29.9293 28.8916
12.77  -39.9181 -59.8744   29.93 28.8927
12.78  -39.9189 -59.8756   29.9307 28.8938
12.79  -39.9197 -59.8769   29.9314 28.8948
12.8  -39.9205 -59.8781   29.9321 28.8959
12.81  -39.9213 -59.8793   29.9328 28.8969
12.82  -39.9221 -59.8805   29.9334 28.898
12.83  -39.9228 -59.8817   29.9341 28.899
12.84  -39.9236 -59.8829   29.9348 28.9
12.85  -39.9244 -59.8841   29.9354 28.901
12.86  -39.9251 -59.8852   29.9361 28.902
12.87  -39.9259 -59.8864   29.9367 28.903
12.88  -39.9266 -59.8875   29.9373 28.9039
12.89  -39.9274 -59.8887   29.938 28.9049
12.9  -39.9281 -59.8898   29.9386 28.9058
12.91  -39.9288 -59.8909   29.9392 28.9068
12.92  -39.9295 -59.892   29.9398 28.9077
12.93  -39.9302 -59.893   29.9404 28.9086
12.94  -39.9309 -59.8941   29.941 28.9095
12.95  -39.9316 -59.8952   29.9416 28.9105
12.96  -39.9323 -59.8962   29.9422 28.9113
12.97  -39.933 -59.8973   29.9427 28.9122
12.98  -39.9336 -59.8983   29.9433 28.9131
12.99  -39.9343 -59.8993   29.9439 28.914
13  -39.935 -59.9003   29.9444 28.9148
13.01  -39.9356 -59.9013   29.945 28.9157
13.02  -39.9363 -59.9023   29.9456 28.9165
13.03  -39.9369 -59.9033   29.9461 28.9174
13.04  -39.9375 -59.9042   29.9466 28.9182
13.05  -39.9382 -59.9052   29.9472 28.919
13.06  -39.9388 -59.9061   29.9477 28.9198
13.07  -39.9394 -59.9071   29.9482 28.9206
13.08  -39.94 -59.908   29.9487 28.9214
13.09  -39.9406 -59.9089   29.9493 28.9222
13.1  -39.9412 -59.9098   29.9498 28.923
13.11  -39.9418 -59.9107   29.9503 28.9238
13.12  -39.9424 -59.9116   29.9508 28.9245
13.13  -39.9429 -59.9125   29.9513 28.9253
13.14  -39.9435 -59.9134   29.9517 28.926
13.15  -39.9441 -59.9143   29.9522 28.9268
13.16  -39.9446 -59.9151   29.9527 28.9275
13.17  -39.9452 -59.916   29.9532 28.9282
13.18  -39.9457 -59.9168   29.9536 28.9289
