-40 -28 5 14
30 29 5 14
0.01  29.8922 29.9107   -38.9136 -58.8898
0.02  29.7844 29.8214   -38.8272 -58.7797
0.03  29.6766 29.732   -38.7408 -58.6695
0.04  29.5688 29.6427   -38.6545 -58.5593
0.05  29.461 29.5534   -38.5681 -58.4491
0.06  29.3532 29.4641   -38.4817 -58.339
0.07  29.2454 29.3747   -38.3953 -58.2288
0.08  29.1376 29.2854   -38.3089 -58.1186
0.09  29.0298 29.1961   -38.2225 -58.0085
0.1  28.922 29.1068   -38.1362 -57.8983
0.11  28.8142 29.0175   -38.0498 -57.7881
0.12  28.7064 28.9281   -37.9634 -57.6779
0.13  28.5986 28.8388   -37.877 -57.5678
0.14  28.4908 28.7495   -37.7906 -57.4576
0.15  28.383 28.6602   -37.7042 -57.3474
0.16  28.2752 28.5708   -37.6178 -57.2373
0.17  28.1673 28.4815   -37.5315 -57.1271
0.18  28.0595 28.3922   -37.4451 -57.0169
0.19  27.9517 28.3029   -37.3587 -56.9067
0.2  27.8439 28.2135   -37.2723 -56.7966
0.21  27.7361 28.1242   -37.1859 -56.6864
0.22  27.6283 28.0349   -37.0995 -56.5762
0.23  27.5205 27.9456   -37.0132 -56.4661
0.24  27.4127 27.8563   -36.9268 -56.3559
0.25  27.3049 27.7669   -36.8404 -56.2457
0.26  27.1971 27.6776   -36.754 -56.1355
0.27  27.0893 27.5883   -36.6676 -56.0254
0.28  26.9815 27.499   -36.5812 -55.9152
0.29  26.8737 27.4096   -36.4949 -55.805
0.3  26.7659 27.3203   -36.4085 -55.6949
0.31  26.6581 27.231   -36.3221 -55.5847
0.32  26.5503 27.1417   -36.2357 -55.4745
0.33  26.4425 27.0524   -36.1493 -55.3643
0.34  26.3347 26.963   -36.0629 -55.2542
0.35  26.2269 26.8737   -35.9765 -55.144
0.36  26.1191 26.7844   -35.8902 -55.0338
0.37  26.0113 26.6951   -35.8038 -54.9237
0.38  25.9035 26.6057   -35.7174 -54.8135
0.39  25.7957 26.5164   -35.631 -54.7033
0.4  25.6879 26.4271   -35.5446 -54.5931
0.41  25.5801 26.3378   -35.4582 -54.483
0.42  25.4723 26.2485   -35.3719 -54.3728
0.43  25.3645 26.1591   -35.2855 -54.2626
0.44  25.2567 26.0698   -35.1991 -54.1525
0.45  25.1489 25.9805   -35.1127 -54.0423
0.46  25.0411 25.8912   -35.0263 -53.9321
0.47  24.9333 25.8018   -34.9399 -53.8219
0.48  24.8255 25.7125   -34.8535 -53.7118
0.49  24.7177 25.6232   -34.7672 -53.6016
0.5  24.6098 25.5339   -34.6808 -53.4914
0.51  24.502 25.4446   -34.5944 -53.3813
0.52  24.3942 25.3552   -34.508 -53.2711
0.53  24.2864 25.2659   -34.4216 -53.1609
0.54  24.1786 25.1766   -34.3352 -53.0507
0.55  24.0708 25.0873   -34.2489 -52.9406
0.56  23.963 24.9979   -34.1625 -52.8304
0.57  23.8552 24.9086   -34.0761 -52.7202
0.58  23.7474 24.8193   -33.9897 -52.6101
0.59  23.6396 24.73   -33.9033 -52.4999
0.6  23.5318 24.6406   -33.8169 -52.3897
0.61  23.424 24.5513   -33.7306 -52.2795
0.62  23.3162 24.462   -33.6442 -52.1694
0.63  23.2084 24.3727   -33.5578 -52.0592
0.64  23.1006 24.2834   -33.4714 -51.949
0.65  22.9928 24.194   -33.385 -51.8389
0.66  22.885 24.1047   -33.2986 -51.7287
0.67  22.7772 24.0154   -33.2122 -51.6185
0.68  22.6694 23.9261   -33.1259 -51.5083
0.69  22.5616 23.8367   -33.0395 -51.3982
0.7  22.4538 23.7474   -32.9531 -51.288
0.71  22.346 23.6581   -32.8667 -51.1778
0.72  22.2382 23.5688   -32.7803 -51.0677
0.73  22.1304 23.4795   -32.6939 -50.9575
0.74  22.0226 23.3901   -32.6076 -50.8473
0.75  21.9148 23.3008   -32.5212 -50.7371
0.76  21.807 23.2115   -32.4348 -50.627
0.77  21.6992 23.1222   -32.3484 -50.5168
0.78  21.5914 23.0328   -32.262 -50.4066
0.79  21.4836 22.9435   -32.1756 -50.2965
0.8  21.3758 22.8542   -32.0892 -50.1863
0.81  21.268 22.7649   -32.0029 -50.0761
0.82  21.1602 22.6756   -31.9165 -49.9659
0.83  21.0523 22.5862   -31.8301 -49.8558
0.84  20.9445 22.4969   -31.7437 -49.7456
0.85  20.8367 22.4076   -31.6573 -49.6354
0.86  20.7289 22.3183   -31.5709 -49.5253
0.87  20.6211 22.2289   -31.4846 -49.4151
0.88  20.5133 22.1396   -31.3982 -49.3049
0.89  20.4055 22.0503   -31.3118 -49.1947
0.9  20.2977 21.961   -31.2254 -49.0846
0.91  20.1899 21.8717   -31.139 -48.9744
0.92  20.0821 21.7823   -31.0526 -48.8642
0.93  19.9743 21.693   -30.9663 -48.7541
0.94  19.8665 21.6037   -30.8799 -48.6439
0.95  19.7587 21.5144   -30.7935 -48.5337
0.96  19.6509 21.425   -30.7071 -48.4235
0.97  19.5431 21.3357   -30.6207 -48.3134
0.98  19.4353 21.2464   -30.5343 -48.2032
0.99  19.3275 21.1571   -30.4479 -48.093
1  19.2197 21.0677   -30.3616 -47.9829
1.01  19.1119 20.9784   -30.2752 -47.8727
1.02  19.0041 20.8891   -30.1888 -47.7625
1.03  18.8963 20.7998   -30.1024 -47.6523
1.04  18.7885 20.7105   -30.016 -47.5422
1.05  18.6807 20.6211   -29.9296 -47.432
1.06  18.5729 20.5318   -29.8433 -47.3218
1.07  18.4651 20.4425   -29.7569 -47.2117
1.08  18.3573 20.3532   -29.6705 -47.1015
1.09  18.2495 20.2638   -29.5841 -46.9913
1.1  18.1417 20.1745   -29.4977 -46.8811
1.11  18.0339 20.0852   -29.4113 -46.771
1.12  17.9261 19.9959   -29.3249 -46.6608
1.13  17.8183 19.9066   -29.2386 -46.5506
1.14  17.7105 19.8172   -29.1522 -46.4405
1.15  17.6027 19.7279   -29.0658 -46.3303
1.16  17.4948 19.6386   -28.9794 -46.2201
1.17  17.387 19.5493   -28.893 -46.1099
1.18  17.2792 19.4599   -28.8066 -45.9998
1.19  17.1714 19.3706   -28.7203 -45.8896
1.2  17.0636 19.2813   -28.6339 -45.7794
1.21  16.9558 19.192   -28.5475 -45.6693
1.22  16.848 19.1027   -28.4611 -45.5591
1.23  16.7402 19.0133   -28.3747 -45.4489
1.24  16.6324 18.924   -28.2883 -45.3387
1.25  16.5246 18.8347   -28.202 -45.2286
1.26  16.4168 18.7454   -28.1156 -45.1184
1.27  16.309 18.656   -28.0292 -45.0082
1.28  16.2012 18.5667   -27.9428 -44.8981
1.29  16.0934 18.4774   -27.8564 -44.7879
1.3  15.9856 18.3881   -27.77 -44.6777
1.31  15.8778 18.2988   -27.6836 -44.5675
1.32  15.77 18.2094   -27.5973 -44.4574
1.33  15.6622 18.1201   -27.5109 -44.3472
1.34  15.5544 18.0308   -27.4245 -44.237
1.35  15.4466 17.9415   -27.3381 -44.1269
1.36  15.3388 17.8521   -27.2517 -44.0167
1.37  15.231 17.7628   -27.1653 -43.9065
1.38  15.1232 17.6735   -27.079 -43.7963
1.39  15.0154 17.5842   -26.9926 -43.6862
1.4  14.9076 17.4948   -26.9062 -43.576
1.41  14.7998 17.4055   -26.8198 -43.4658
1.42  14.692 17.3162   -26.7334 -43.3557
1.43  14.5842 17.2269   -26.647 -43.2455
1.44  14.4764 17.1376   -26.5606 -43.1353
1.45  14.3686 17.0482   -26.4743 -43.0251
1.46  14.2608 16.9589   -26.3879 -42.915
1.47  14.153 16.8696   -26.3015 -42.8048
1.48  14.0452 16.7803   -26.2151 -42.6946
1.49  13.9374 16.6909   -26.1287 -42.5845
1.5  13.8295 16.6016   -26.0423 -42.4743
1.51  13.7217 16.5123   -25.956 -42.3641
1.52  13.6139 16.423   -25.8696 -42.2539
1.53  13.5061 16.3337   -25.7832 -42.1438
1.54  13.3983 16.2443   -25.6968 -42.0336
1.55  13.2905 16.155   -25.6104 -41.9234
1.56  13.1827 16.0657   -25.524 -41.8133
1.57  13.0749 15.9764   -25.4377 -41.7031
1.58  12.9671 15.887   -25.3513 -41.5929
1.59  12.8593 15.7977   -25.2649 -41.4827
1.6  12.7515 15.7084   -25.1785 -41.3726
1.61  12.6437 15.6191   -25.0921 -41.2624
1.62  12.5359 15.5298   -25.0057 -41.1522
1.63  12.4281 15.4404   -24.9193 -41.0421
1.64  12.3203 15.3511   -24.833 -40.9319
1.65  12.2125 15.2618   -24.7466 -40.8217
1.66  12.1047 15.1725   -24.6602 -40.7115
1.67  11.9969 15.0831   -24.5738 -40.6014
1.68  11.8891 14.9938   -24.4874 -40.4912
1.69  11.7813 14.9045   -24.401 -40.381
1.7  11.6735 14.8152   -24.3147 -40.2709
1.71  11.5657 14.7259   -24.2283 -40.1607
1.72  11.4579 14.6365   -24.1419 -40.0505
1.73  11.3501 14.5472   -24.0555 -39.9403
1.74  11.2423 14.4579   -23.9691 -39.8302
1.75  11.1345 14.3686   -23.8827 -39.72
1.76  11.0267 14.2792   -23.7963 -39.6098
1.77  10.9189 14.1899   -23.71 -39.4997
1.78  10.8111 14.1006   -23.6236 -39.3895
1.79  10.7033 14.0113   -23.5372 -39.2793
1.8  10.5955 13.9219   -23.4508 -39.1691
1.81  10.4877 13.8326   -23.3644 -39.059
1.82  10.3799 13.7433   -23.278 -38.9488
1.83  10.272 13.654   -23.1917 -38.8386
1.84  10.1642 13.5647   -23.1053 -38.7285
1.85  10.0564 13.4753   -23.0189 -38.6183
1.86  9.94864 13.386   -22.9325 -38.5081
1.87  9.84084 13.2967   -22.8461 -38.3979
1.88  9.73303 13.2074   -22.7597 -38.2878
1.89  9.62523 13.118   -22.6734 -38.1776
1.9  9.51743 13.0287   -22.587 -38.0674
1.91  9.40962 12.9394   -22.5006 -37.9573
1.92  9.30182 12.8501   -22.4142 -37.8471
1.93  9.19402 12.7608   -22.3278 -37.7369
1.94  9.08621 12.6714   -22.2414 -37.6267
1.95  8.97841 12.5821   -22.155 -37.5166
1.96  8.87061 12.4928   -22.0687 -37.4064
1.97  8.76281 12.4035   -21.9823 -37.2962
1.98  8.655 12.3141   -21.8959 -37.1861
1.99  8.5472 12.2248   -21.8095 -37.0759
2  8.4394 12.1355   -21.7231 -36.9657
2.01  8.33159 12.0462   -21.6367 -36.8555
2.02  8.22379 11.9569   -21.5504 -36.7454
2.03  8.11599 11.8675   -21.464 -36.6352
2.04  8.00818 11.7782   -21.3776 -36.525
2.05  7.90038 11.6889   -21.2912 -36.4149
2.06  7.79258 11.5996   -21.2048 -36.3047
2.07  7.68478 11.5102   -21.1184 -36.1945
2.08  7.57697 11.4209   -21.032 -36.0843
2.09  7.46917 11.3316   -20.9457 -35.9742
2.1  7.36137 11.2423   -20.8593 -35.864
2.11  7.25356 11.153   -20.7729 -35.7538
2.12  7.14576 11.0636   -20.6865 -35.6437
2.13  7.03796 10.9743   -20.6001 -35.5335
2.14  6.93015 10.885   -20.5137 -35.4233
2.15  6.82235 10.7957   -20.4274 -35.3131
2.16  6.71455 10.7063   -20.341 -35.203
2.17  6.60674 10.617   -20.2546 -35.0928
2.18  6.49894 10.5277   -20.1682 -34.9826
2.19  6.39114 10.4384   -20.0818 -34.8725
2.2  6.28334 10.349   -19.9954 -34.7623
2.21  6.17553 10.2597   -19.909 -34.6521
2.22  6.06773 10.1704   -19.8227 -34.5419
2.23  5.95993 10.0811   -19.7363 -34.4318
2.24  5.85212 9.99176   -19.6499 -34.3216
2.25  5.74432 9.90244   -19.5635 -34.2114
2.26  5.63652 9.81311   -19.4771 -34.1013
2.27  5.52871 9.72379   -19.3907 -33.9911
2.28  5.42091 9.63447   -19.3044 -33.8809
2.29  5.31311 9.54515   -19.218 -33.7707
2.3  5.20531 9.45582   -19.1316 -33.6606
2.31  5.0975 9.3665   -19.0452 -33.5504
2.32  4.9897 9.27718   -18.9588 -33.4402
2.33  4.8819 9.18786   -18.8724 -33.3301
2.34  4.77409 9.09853   -18.7861 -33.2199
2.35  4.66629 9.00921   -18.6997 -33.1097
2.36  4.55849 8.91989   -18.6133 -32.9996
2.37  4.45068 8.83057   -18.5269 -32.8894
2.38  4.34288 8.74124   -18.4405 -32.7792
2.39  4.23508 8.65192   -18.3541 -32.669
2.4  4.12728 8.5626   -18.2677 -32.5589
2.41  4.01947 8.47328   -18.1814 -32.4487
2.42  3.91167 8.38395   -18.095 -32.3385
2.43  3.80387 8.29463   -18.0086 -32.2284
2.44  3.69606 8.20531   -17.9222 -32.1182
2.45  3.58826 8.11599   -17.8358 -32.008
2.46  3.48046 8.02666   -17.7494 -31.8978
2.47  3.37265 7.93734   -17.6631 -31.7877
2.48  3.26485 7.84802   -17.5767 -31.6775
2.49  3.15705 7.7587   -17.4903 -31.5673
2.5  3.04925 7.66937   -17.4039 -31.4572
2.51  2.94144 7.58005   -17.3175 -31.347
2.52  2.83364 7.49073   -17.2311 -31.2368
2.53  2.72584 7.40141   -17.1447 -31.1266
2.54  2.61803 7.31208   -17.0584 -31.0165
2.55  2.51023 7.22276   -16.972 -30.9063
2.56  2.40243 7.13344   -16.8856 -30.7961
2.57  2.29462 7.04412   -16.7992 -30.686
2.58  2.18682 6.95479   -16.7128 -30.5758
2.59  2.07902 6.86547   -16.6264 -30.4656
2.6  1.97122 6.77615   -16.5401 -30.3554
2.61  1.86341 6.68683   -16.4537 -30.2453
2.62  1.75561 6.5975   -16.3673 -30.1351
2.63  1.64781 6.50818   -16.2809 -30.0249
2.64  1.54 6.41886   -16.1945 -29.9148
2.65  1.4322 6.32954   -16.1081 -29.8046
2.66  1.3244 6.24021   -16.0218 -29.6944
2.67  1.21659 6.15089   -15.9354 -29.5842
2.68  1.10879 6.06157   -15.849 -29.4741
2.69  1.00099 5.97225   -15.7626 -29.3639
2.7  0.893185 5.88292   -15.6762 -29.2537
2.71  0.785382 5.7936   -15.5898 -29.1436
2.72  0.677579 5.70428   -15.5034 -29.0334
2.73  0.569776 5.61496   -15.4171 -28.9232
2.74  0.461973 5.52563   -15.3307 -28.813
2.75  0.35417 5.43631   -15.2443 -28.7029
2.76  0.246367 5.34699   -15.1579 -28.5927
2.77  0.138564 5.25767   -15.0715 -28.4825
2.78  0.0307608 5.16834   -14.9851 -28.3724
2.79  -0.0770422 5.07902   -14.8988 -28.2622
2.8  -0.184845 4.9897   -14.8124 -28.152
2.81  -0.292648 4.90038   -14.726 -28.0418
2.82  -0.400451 4.81105   -14.6396 -27.9317
2.83  -0.508254 4.72173   -14.5532 -27.8215
2.84  -0.616057 4.63241   -14.4668 -27.7113
2.85  -0.72386 4.54309   -14.3804 -27.6012
2.86  -0.831663 4.45376   -14.2941 -27.491
2.87  -0.939466 4.36444   -14.2077 -27.3808
2.88  -1.04727 4.27512   -14.1213 -27.2706
2.89  -1.15507 4.1858   -14.0349 -27.1605
2.9  -1.26288 4.09647   -13.9485 -27.0503
2.91  -1.37068 4.00715   -13.8621 -26.9401
2.92  -1.47848 3.91783   -13.7758 -26.83
2.93  -1.58628 3.82851   -13.6894 -26.7198
2.94  -1.69409 3.73918   -13.603 -26.6096
2.95  -1.80189 3.64986   -13.5166 -26.4994
2.96  -1.90969 3.56054   -13.4302 -26.3893
2.97  -2.0175 3.47122   -13.3438 -26.2791
2.98  -2.1253 3.38189   -13.2575 -26.1689
2.99  -2.2331 3.29257   -13.1711 -26.0588
3  -2.34091 3.20325   -13.0847 -25.9486
3.01  -2.44871 3.11393   -12.9983 -25.8384
3.02  -2.55651 3.0246   -12.9119 -25.7282
3.03  -2.66431 2.93528   -12.8255 -25.6181
3.04  -2.77212 2.84596   -12.7391 -25.5079
3.05  -2.87992 2.75664   -12.6528 -25.3977
3.06  -2.98772 2.66731   -12.5664 -25.2876
3.07  -3.09553 2.57799   -12.48 -25.1774
3.08  -3.20333 2.48867   -12.3936 -25.0672
3.09  -3.31113 2.39935   -12.3072 -24.957
3.1  -3.41894 2.31002   -12.2208 -24.8469
3.11  -3.52674 2.2207   -12.1345 -24.7367
3.12  -3.63454 2.13138   -12.0481 -24.6265
3.13  -3.74234 2.04206   -11.9617 -24.5164
3.14  -3.85015 1.95273   -11.8753 -24.4062
3.15  -3.95795 1.86341   -11.7889 -24.296
3.16  -4.06575 1.77409   -11.7025 -24.1858
3.17  -4.17356 1.68477   -11.6161 -24.0757
3.18  -4.28136 1.59544   -11.5298 -23.9655
3.19  -4.38916 1.50612   -11.4434 -23.8553
3.2  -4.49697 1.4168   -11.357 -23.7452
3.21  -4.60477 1.32748   -11.2706 -23.635
3.22  -4.71257 1.23815   -11.1842 -23.5248
3.23  -4.82037 1.14883   -11.0978 -23.4146
3.24  -4.92818 1.05951   -11.0115 -23.3045
3.25  -5.03598 0.970187   -10.9251 -23.1943
3.26  -5.14378 0.880865   -10.8387 -23.0841
3.27  -5.25159 0.791542   -10.7523 -22.974
3.28  -5.35939 0.70222   -10.6659 -22.8638
3.29  -5.46719 0.612897   -10.5795 -22.7536
3.3  -5.575 0.523575   -10.4932 -22.6434
3.31  -5.6828 0.434252   -10.4068 -22.5333
3.32  -5.7906 0.34493   -10.3204 -22.4231
3.33  -5.89841 0.255607   -10.234 -22.3129
3.34  -6.00621 0.166285   -10.1476 -22.2028
3.35  -6.11401 0.0769621   -10.0612 -22.0926
3.36  -6.22181 -0.0123604   -9.97484 -21.9824
3.37  -6.32962 -0.101683   -9.88846 -21.8722
3.38  -6.43742 -0.191005   -9.80208 -21.7621
3.39  -6.54522 -0.280328   -9.71569 -21.6519
3.4  -6.65303 -0.36965   -9.62931 -21.5417
3.41  -6.76083 -0.458973   -9.54292 -21.4316
3.42  -6.86863 -0.548295   -9.45654 -21.3214
3.43  -6.97644 -0.637618   -9.37015 -21.2112
3.44  -7.08424 -0.72694   -9.28377 -21.101
3.45  -7.19204 -0.816263   -9.19738 -20.9909
3.46  -7.29984 -0.905585   -9.111 -20.8807
3.47  -7.40765 -0.994908   -9.02462 -20.7705
3.48  -7.51545 -1.08423   -8.93823 -20.6604
3.49  -7.62325 -1.17355   -8.85185 -20.5502
3.5  -7.73106 -1.26288   -8.76546 -20.44
3.51  -7.83886 -1.3522   -8.67908 -20.3298
3.52  -7.94666 -1.44152   -8.59269 -20.2197
3.53  -8.05447 -1.53084   -8.50631 -20.1095
3.54  -8.16227 -1.62017   -8.41993 -19.9993
3.55  -8.27007 -1.70949   -8.33354 -19.8892
3.56  -8.37787 -1.79881   -8.24716 -19.779
3.57  -8.48568 -1.88813   -8.16077 -19.6688
3.58  -8.59348 -1.97746   -8.07439 -19.5586
3.59  -8.70128 -2.06678   -7.988 -19.4485
3.6  -8.80909 -2.1561   -7.90162 -19.3383
3.61  -8.91689 -2.24542   -7.81523 -19.2281
3.62  -9.02469 -2.33475   -7.72885 -19.118
3.63  -9.1325 -2.42407   -7.64247 -19.0078
3.64  -9.2403 -2.51339   -7.55608 -18.8976
3.65  -9.3481 -2.60271   -7.4697 -18.7874
3.66  -9.4559 -2.69204   -7.38331 -18.6773
3.67  -9.56371 -2.78136   -7.29693 -18.5671
3.68  -9.67151 -2.87068   -7.21054 -18.4569
3.69  -9.77931 -2.96   -7.12416 -18.3468
3.7  -9.88712 -3.04933   -7.03778 -18.2366
3.71  -9.99492 -3.13865   -6.95139 -18.1264
3.72  -10.1027 -3.22797   -6.86501 -18.0162
3.73  -10.2105 -3.31729   -6.77862 -17.9061
3.74  -10.3183 -3.40662   -6.69224 -17.7959
3.75  -10.4261 -3.49594   -6.60585 -17.6857
3.76  -10.5339 -3.58526   -6.51947 -17.5756
3.77  -10.6417 -3.67458   -6.43308 -17.4654
3.78  -10.7495 -3.76391   -6.3467 -17.3552
3.79  -10.8573 -3.85323   -6.26032 -17.245
3.8  -10.9651 -3.94255   -6.17393 -17.1349
3.81  -11.073 -4.03187   -6.08755 -17.0247
3.82  -11.1808 -4.1212   -6.00116 -16.9145
3.83  -11.2886 -4.21052   -5.91478 -16.8044
3.84  -11.3964 -4.29984   -5.82839 -16.6942
3.85  -11.5042 -4.38916   -5.74201 -16.584
3.86  -11.612 -4.47849   -5.65562 -16.4738
3.87  -11.7198 -4.56781   -5.56924 -16.3637
3.88  -11.8276 -4.65713   -5.48286 -16.2535
3.89  -11.9354 -4.74645   -5.39647 -16.1433
3.9  -12.0432 -4.83578   -5.31009 -16.0332
3.91  -12.151 -4.9251   -5.2237 -15.923
3.92  -12.2588 -5.01442   -5.13732 -15.8128
3.93  -12.3666 -5.10374   -5.05093 -15.7026
3.94  -12.4744 -5.19307   -4.96455 -15.5925
3.95  -12.5822 -5.28239   -4.87817 -15.4823
3.96  -12.69 -5.37171   -4.79178 -15.3721
3.97  -12.7978 -5.46103   -4.7054 -15.262
3.98  -12.9056 -5.55036   -4.61901 -15.1518
3.99  -13.0134 -5.63968   -4.53263 -15.0416
4  -13.1212 -5.729   -4.44624 -14.9314
4.01  -13.229 -5.81832   -4.35986 -14.8213
4.02  -13.3368 -5.90765   -4.27347 -14.7111
4.03  -13.4446 -5.99697   -4.18709 -14.6009
4.04  -13.5524 -6.08629   -4.10071 -14.4908
4.05  -13.6602 -6.17561   -4.01432 -14.3806
4.06  -13.768 -6.26494   -3.92794 -14.2704
4.07  -13.8758 -6.35426   -3.84155 -14.1602
4.08  -13.9836 -6.44358   -3.75517 -14.0501
4.09  -14.0914 -6.5329   -3.66878 -13.9399
4.1  -14.1992 -6.62223   -3.5824 -13.8297
4.11  -14.307 -6.71155   -3.49602 -13.7196
4.12  -14.4148 -6.80087   -3.40963 -13.6094
4.13  -14.5226 -6.89019   -3.32325 -13.4992
4.14  -14.6304 -6.97952   -3.23686 -13.389
4.15  -14.7383 -7.06884   -3.15048 -13.2789
4.16  -14.8461 -7.15816   -3.06409 -13.1687
4.17  -14.9539 -7.24748   -2.97771 -13.0585
4.18  -15.0617 -7.33681   -2.89132 -12.9484
4.19  -15.1695 -7.42613   -2.80494 -12.8382
4.2  -15.2773 -7.51545   -2.71856 -12.728
4.21  -15.3851 -7.60477   -2.63217 -12.6178
4.22  -15.4929 -7.6941   -2.54579 -12.5077
4.23  -15.6007 -7.78342   -2.4594 -12.3975
4.24  -15.7085 -7.87274   -2.37302 -12.2873
4.25  -15.8163 -7.96206   -2.28663 -12.1772
4.26  -15.9241 -8.05139   -2.20025 -12.067
4.27  -16.0319 -8.14071   -2.11386 -11.9568
4.28  -16.1397 -8.23003   -2.02748 -11.8466
4.29  -16.2475 -8.31935   -1.9411 -11.7365
4.3  -16.3553 -8.40868   -1.85471 -11.6263
4.31  -16.4631 -8.498   -1.76833 -11.5161
4.32  -16.5709 -8.58732   -1.68194 -11.406
4.33  -16.6787 -8.67664   -1.59556 -11.2958
4.34  -16.7865 -8.76597   -1.50917 -11.1856
4.35  -16.8943 -8.85529   -1.42279 -11.0754
4.36  -17.0021 -8.94461   -1.33641 -10.9653
4.37  -17.1099 -9.03393   -1.25002 -10.8551
4.38  -17.2177 -9.12326   -1.16364 -10.7449
4.39  -17.3255 -9.21258   -1.07725 -10.6348
4.4  -17.4333 -9.3019   -0.990868 -10.5246
4.41  -17.5411 -9.39122   -0.904483 -10.4144
4.42  -17.6489 -9.48055   -0.818099 -10.3042
4.43  -17.7567 -9.56987   -0.731715 -10.1941
4.44  -17.8645 -9.65919   -0.64533 -10.0839
4.45  -17.9723 -9.74851   -0.558946 -9.97373
4.46  -18.0801 -9.83784   -0.472561 -9.86356
4.47  -18.1879 -9.92716   -0.386177 -9.75339
4.48  -18.2958 -10.0165   -0.299793 -9.64321
4.49  -18.4036 -10.1058   -0.213408 -9.53304
4.5  -18.5114 -10.1951   -0.127024 -9.42287
4.51  -18.6192 -10.2844   -0.0406394 -9.3127
4.52  -18.727 -10.3738   0.045745 -9.20253
4.53  -18.8348 -10.4631   0.132129 -9.09236
4.54  -18.9426 -10.5524   0.218514 -8.98219
4.55  -19.0504 -10.6417   0.304898 -8.87201
4.56  -19.1582 -10.7311   0.391283 -8.76184
4.57  -19.266 -10.8204   0.477667 -8.65167
4.58  -19.3738 -10.9097   0.564051 -8.5415
4.59  -19.4816 -10.999   0.650436 -8.43133
4.6  -19.5894 -11.0884   0.73682 -8.32116
4.61  -19.6972 -11.1777   0.823204 -8.21099
4.62  -19.805 -11.267   0.909589 -8.10081
4.63  -19.9128 -11.3563   0.995973 -7.99064
4.64  -20.0206 -11.4456   1.08236 -7.88047
4.65  -20.1284 -11.535   1.16874 -7.7703
4.66  -20.2362 -11.6243   1.25513 -7.66013
4.67  -20.344 -11.7136   1.34151 -7.54996
4.68  -20.4518 -11.8029   1.4279 -7.43979
4.69  -20.5596 -11.8923   1.51428 -7.32961
4.7  -20.6674 -11.9816   1.60066 -7.21944
4.71  -20.7752 -12.0709   1.68705 -7.10927
4.72  -20.883 -12.1602   1.77343 -6.9991
4.73  -20.9908 -12.2495   1.85982 -6.88893
4.74  -21.0986 -12.3389   1.9462 -6.77876
4.75  -21.2064 -12.4282   2.03259 -6.66859
4.76  -21.3142 -12.5175   2.11897 -6.55841
4.77  -21.422 -12.6068   2.20535 -6.44824
4.78  -21.5298 -12.6962   2.29174 -6.33807
4.79  -21.6376 -12.7855   2.37812 -6.2279
4.8  -21.7454 -12.8748   2.46451 -6.11773
4.81  -21.8533 -12.9641   2.55089 -6.00756
4.82  -21.9611 -13.0534   2.63728 -5.89739
4.83  -22.0689 -13.1428   2.72366 -5.78721
4.84  -22.1767 -13.2321   2.81005 -5.67704
4.85  -22.2845 -13.3214   2.89643 -5.56687
4.86  -22.3923 -13.4107   2.98281 -5.4567
4.87  -22.5001 -13.5001   3.0692 -5.34653
4.88  -22.6079 -13.5894   3.15558 -5.23636
4.89  -22.7157 -13.6787   3.24197 -5.12619
4.9  -22.8235 -13.768   3.32835 -5.01602
4.91  -22.9313 -13.8573   3.41474 -4.90584
4.92  -23.0391 -13.9467   3.50112 -4.79567
4.93  -23.1469 -14.036   3.58751 -4.6855
4.94  -23.2547 -14.1253   3.67389 -4.57533
4.95  -23.3625 -14.2146   3.76027 -4.46516
4.96  -23.4703 -14.304   3.84666 -4.35499
4.97  -23.5781 -14.3933   3.93304 -4.24482
4.98  -23.6859 -14.4826   4.01943 -4.13464
4.99  -23.7937 -14.5719   4.10581 -4.02447
5  -23.9015 -14.6613   4.1922 -3.9143
5.01  -24.0093 -14.7506   4.27858 -3.80413
5.02  -24.1171 -14.8399   4.36496 -3.69396
5.03  -24.2249 -14.9292   4.45135 -3.58379
5.04  -24.3327 -15.0185   4.53773 -3.47362
5.05  -24.4405 -15.1079   4.62412 -3.36344
5.06  -24.5483 -15.1972   4.7105 -3.25327
5.07  -24.6561 -15.2865   4.79689 -3.1431
5.08  -24.7639 -15.3758   4.88327 -3.03293
5.09  -24.8717 -15.4652   4.96966 -2.92276
5.1  -24.9795 -15.5545   5.05604 -2.81259
5.11  -25.0873 -15.6438   5.14242 -2.70242
5.12  -25.1951 -15.7331   5.22881 -2.59224
5.13  -25.3029 -15.8224   5.31519 -2.48207
5.14  -25.4108 -15.9118   5.40158 -2.3719
5.15  -25.5186 -16.0011   5.48796 -2.26173
5.16  -25.6264 -16.0904   5.57435 -2.15156
5.17  -25.7342 -16.1797   5.66073 -2.04139
5.18  -25.842 -16.2691   5.74711 -1.93122
5.19  -25.9498 -16.3584   5.8335 -1.82104
5.2  -26.0576 -16.4477   5.91988 -1.71087
5.21  -26.1654 -16.537   6.00627 -1.6007
5.22  -26.2732 -16.6263   6.09265 -1.49053
5.23  -26.381 -16.7157   6.17904 -1.38036
5.24  -26.4888 -16.805   6.26542 -1.27019
5.25  -26.5966 -16.8943   6.35181 -1.16002
5.26  -26.7044 -16.9836   6.43819 -1.04984
5.27  -26.8122 -17.073   6.52457 -0.939673
5.28  -26.92 -17.1623   6.61096 -0.829502
5.29  -27.0278 -17.2516   6.69734 -0.719331
5.3  -27.1356 -17.3409   6.78373 -0.609159
5.31  -27.2434 -17.4302   6.87011 -0.498988
5.32  -27.3512 -17.5196   6.9565 -0.388816
5.33  -27.459 -17.6089   7.04288 -0.278645
5.34  -27.5668 -17.6982   7.12927 -0.168474
5.35  -27.6746 -17.7875   7.21565 -0.0583021
5.36  -27.7824 -17.8769   7.30203 0.0518693
5.37  -27.8902 -17.9662   7.38842 0.162041
5.38  -27.998 -18.0555   7.4748 0.272212
5.39  -28.1058 -18.1448   7.56119 0.382383
5.4  -28.2136 -18.2342   7.64757 0.492555
5.41  -28.3214 -18.3235   7.73396 0.602726
5.42  -28.4292 -18.4128   7.82034 0.712898
5.43  -28.537 -18.5021   7.90672 0.823069
5.44  -28.6448 -18.5914   7.99311 0.93324
5.45  -28.7526 -18.6808   8.07949 1.04341
5.46  -28.8604 -18.7701   8.16588 1.15358
5.47  -28.9683 -18.8594   8.25226 1.26375
5.48  -29.0761 -18.9487   8.33865 1.37393
5.49  -29.1839 -19.0381   8.42503 1.4841
5.5  -29.2917 -19.1274   8.51142 1.59427
5.51  -29.3987 -19.2161   8.5978 1.70444
5.52  -29.5048 -19.3039   8.68418 1.81461
5.53  -29.6097 -19.3909   8.77057 1.92478
5.54  -29.7136 -19.477   8.85695 2.03495
5.55  -29.8165 -19.5622   8.94334 2.14513
5.56  -29.9183 -19.6466   9.02972 2.2553
5.57  -30.0191 -19.7301   9.11611 2.36547
5.58  -30.1189 -19.8128   9.20249 2.47564
5.59  -30.2177 -19.8947   9.28887 2.58581
5.6  -30.3156 -19.9758   9.37526 2.69598
5.61  -30.4124 -20.056   9.46164 2.80615
5.62  -30.5083 -20.1354   9.54803 2.91633
5.63  -30.6032 -20.2141   9.63441 3.0265
5.64  -30.6972 -20.2919   9.7208 3.13667
5.65  -30.7902 -20.369   9.80718 3.24684
5.66  -30.8823 -20.4453   9.89357 3.35701
5.67  -30.9735 -20.5209   9.97995 3.46718
5.68  -31.0637 -20.5957   10.0663 3.57735
5.69  -31.1531 -20.6697   10.1527 3.68753
5.7  -31.2416 -20.743   10.2391 3.7977
5.71  -31.3292 -20.8156   10.3255 3.90787
5.72  -31.4159 -20.8874   10.4119 4.01804
5.73  -31.5017 -20.9586   10.4983 4.12821
5.74  -31.5867 -21.029   10.5846 4.23838
5.75  -31.6708 -21.0987   10.671 4.34855
5.76  -31.7541 -21.1677   10.7574 4.45873
5.77  -31.8366 -21.236   10.8438 4.5689
5.78  -31.9182 -21.3037   10.9302 4.67907
5.79  -31.999 -21.3706   11.0166 4.78924
5.8  -32.079 -21.4369   11.1029 4.89941
5.81  -32.1582 -21.5025   11.1893 5.00958
5.82  -32.2367 -21.5675   11.2757 5.11975
5.83  -32.3143 -21.6318   11.3621 5.22992
5.84  -32.3912 -21.6955   11.4485 5.3401
5.85  -32.4672 -21.7586   11.5349 5.45027
5.86  -32.5426 -21.821   11.6213 5.56044
5.87  -32.6171 -21.8828   11.7076 5.67061
5.88  -32.691 -21.9439   11.794 5.78078
5.89  -32.7641 -22.0045   11.8804 5.89095
5.9  -32.8364 -22.0645   11.9668 6.00112
5.91  -32.9081 -22.1238   12.0532 6.1113
5.92  -32.979 -22.1826   12.1396 6.22147
5.93  -33.0492 -22.2408   12.2259 6.33164
5.94  -33.1187 -22.2983   12.3123 6.44181
5.95  -33.1875 -22.3554   12.3987 6.55198
5.96  -33.2556 -22.4118   12.4851 6.66215
5.97  -33.3231 -22.4677   12.5715 6.77232
5.98  -33.3898 -22.523   12.6579 6.8825
5.99  -33.4559 -22.5778   12.7443 6.99267
6  -33.5214 -22.632   12.8306 7.10284
6.01  -33.5862 -22.6857   12.917 7.21301
6.02  -33.6503 -22.7388   13.0034 7.32318
6.03  -33.7138 -22.7914   13.0898 7.43335
6.04  -33.7767 -22.8435   13.1762 7.54352
6.05  -33.8389 -22.8951   13.2626 7.6537
6.06  -33.9005 -22.9461   13.3489 7.76387
6.07  -33.9615 -22.9967   13.4353 7.87404
6.08  -34.0219 -23.0467   13.5217 7.98421
6.09  -34.0817 -23.0962   13.6081 8.09438
6.1  -34.1409 -23.1453   13.6945 8.20455
6.11  -34.1995 -23.1938   13.7809 8.31472
6.12  -34.2575 -23.2419   13.8672 8.4249
6.13  -34.3149 -23.2895   13.9536 8.53507
6.14  -34.3717 -23.3366   14.04 8.64524
6.15  -34.428 -23.3832   14.1264 8.75541
6.16  -34.4837 -23.4294   14.2128 8.86558
6.17  -34.5389 -23.4751   14.2992 8.97575
6.18  -34.5935 -23.5203   14.3856 9.08592
6.19  -34.6476 -23.5651   14.4719 9.1961
6.2  -34.7011 -23.6095   14.5583 9.30627
6.21  -34.7541 -23.6534   14.6447 9.41644
6.22  -34.8065 -23.6969   14.7311 9.52661
6.23  -34.8585 -23.7399   14.8175 9.63678
6.24  -34.9099 -23.7825   14.9039 9.74695
6.25  -34.9608 -23.8247   14.9902 9.85712
6.26  -35.0112 -23.8664   15.0766 9.9673
6.27  -35.0611 -23.9078   15.163 10.0775
6.28  -35.1105 -23.9487   15.2494 10.1876
6.29  -35.1594 -23.9892   15.3358 10.2978
6.3  -35.2078 -24.0293   15.4222 10.408
6.31  -35.2557 -24.069   15.5086 10.5182
6.32  -35.3031 -24.1083   15.5949 10.6283
6.33  -35.3501 -24.1472   15.6813 10.7385
6.34  -35.3966 -24.1858   15.7677 10.8487
6.35  -35.4426 -24.2239   15.8541 10.9588
6.36  -35.4882 -24.2617   15.9405 11.069
6.37  -35.5333 -24.299   16.0269 11.1792
6.38  -35.578 -24.3361   16.1132 11.2894
6.39  -35.6222 -24.3727   16.1996 11.3995
6.4  -35.666 -24.409   16.286 11.5097
6.41  -35.7093 -24.4449   16.3724 11.6199
6.42  -35.7522 -24.4804   16.4588 11.73
6.43  -35.7947 -24.5156   16.5452 11.8402
6.44  -35.8368 -24.5505   16.6315 11.9504
6.45  -35.8784 -24.585   16.7179 12.0606
6.46  -35.9196 -24.6191   16.8043 12.1707
6.47  -35.9604 -24.6529   16.8907 12.2809
6.48  -36.0008 -24.6864   16.9771 12.3911
6.49  -36.0408 -24.7195   17.0635 12.5012
6.5  -36.0804 -24.7523   17.1499 12.6114
6.51  -36.1196 -24.7848   17.2362 12.7216
6.52  -36.1584 -24.817   17.3226 12.8318
6.53  -36.1968 -24.8488   17.409 12.9419
6.54  -36.2348 -24.8803   17.4954 13.0521
6.55  -36.2725 -24.9115   17.5818 13.1623
6.56  -36.3098 -24.9424   17.6682 13.2724
6.57  -36.3467 -24.973   17.7545 13.3826
6.58  -36.3832 -25.0032   17.8409 13.4928
6.59  -36.4194 -25.0332   17.9273 13.603
6.6  -36.4552 -25.0629   18.0137 13.7131
6.61  -36.4906 -25.0922   18.1001 13.8233
6.62  -36.5257 -25.1213   18.1865 13.9335
6.63  -36.5605 -25.1501   18.2729 14.0436
6.64  -36.5949 -25.1786   18.3592 14.1538
6.65  -36.6289 -25.2068   18.4456 14.264
6.66  -36.6626 -25.2347   18.532 14.3742
6.67  -36.696 -25.2624   18.6184 14.4843
6.68  -36.729 -25.2898   18.7048 14.5945
6.69  -36.7618 -25.3169   18.7912 14.7047
6.7  -36.7941 -25.3437   18.8775 14.8148
6.71  -36.8262 -25.3703   18.9639 14.925
6.72  -36.8579 -25.3966   19.0503 15.0352
6.73  -36.8894 -25.4226   19.1367 15.1454
6.74  -36.9205 -25.4484   19.2231 15.2555
6.75  -36.9513 -25.4739   19.3095 15.3657
6.76  -36.9817 -25.4992   19.3958 15.4759
6.77  -37.0119 -25.5242   19.4822 15.586
6.78  -37.0418 -25.5489   19.5686 15.6962
6.79  -37.0714 -25.5734   19.655 15.8064
6.8  -37.1007 -25.5977   19.7414 15.9166
6.81  -37.1297 -25.6217   19.8278 16.0267
6.82  -37.1584 -25.6455   19.9142 16.1369
6.83  -37.1868 -25.669   20.0005 16.2471
6.84  -37.2149 -25.6924   20.0869 16.3572
6.85  -37.2428 -25.7154   20.1733 16.4674
6.86  -37.2703 -25.7383   20.2597 16.5776
6.87  -37.2976 -25.7609   20.3461 16.6878
6.88  -37.3247 -25.7833   20.4325 16.7979
6.89  -37.3514 -25.8055   20.5188 16.9081
6.9  -37.3779 -25.8274   20.6052 17.0183
6.91  -37.4041 -25.8491   20.6916 17.1284
6.92  -37.4301 -25.8706   20.778 17.2386
6.93  -37.4558 -25.8919   20.8644 17.3488
6.94  -37.4812 -25.913   20.9508 17.459
6.95  -37.5064 -25.9339   21.0372 17.5691
6.96  -37.5313 -25.9545   21.1235 17.6793
6.97  -37.556 -25.975   21.2099 17.7895
6.98  -37.5805 -25.9952   21.2963 17.8996
6.99  -37.6047 -26.0153   21.3827 18.0098
7  -37.6286 -26.0351   21.4689 18.1197
7.01  -37.6523 -26.0548   21.5542 18.2285
7.02  -37.6758 -26.0742   21.6386 18.3362
7.03  -37.6991 -26.0935   21.7222 18.4429
7.04  -37.7221 -26.1126   21.805 18.5484
7.05  -37.7448 -26.1314   21.887 18.653
7.06  -37.7674 -26.1501   21.9681 18.7564
7.07  -37.7897 -26.1686   22.0484 18.8589
7.08  -37.8118 -26.1869   22.1279 18.9603
7.09  -37.8337 -26.2051   22.2067 19.0607
7.1  -37.8554 -26.223   22.2846 19.1601
7.11  -37.8768 -26.2408   22.3617 19.2585
7.12  -37.898 -26.2584   22.4381 19.3559
7.13  -37.9191 -26.2758   22.5137 19.4523
7.14  -37.9399 -26.293   22.5886 19.5478
7.15  -37.9605 -26.3101   22.6627 19.6423
7.16  -37.9809 -26.327   22.7361 19.7359
7.17  -38.0011 -26.3437   22.8087 19.8285
7.18  -38.021 -26.3603   22.8806 19.9202
7.19  -38.0408 -26.3767   22.9518 20.011
7.2  -38.0604 -26.3929   23.0223 20.1009
7.21  -38.0798 -26.409   23.0921 20.1899
7.22  -38.099 -26.4249   23.1612 20.278
7.23  -38.118 -26.4407   23.2296 20.3652
7.24  -38.1369 -26.4563   23.2973 20.4516
7.25  -38.1555 -26.4717   23.3643 20.5371
7.26  -38.1739 -26.487   23.4307 20.6217
7.27  -38.1922 -26.5021   23.4963 20.7055
7.28  -38.2103 -26.5171   23.5614 20.7884
7.29  -38.2282 -26.5319   23.6258 20.8706
7.3  -38.2459 -26.5466   23.6895 20.9518
7.31  -38.2634 -26.5611   23.7526 21.0323
7.32  -38.2808 -26.5755   23.8151 21.112
7.33  -38.298 -26.5898   23.8769 21.1909
7.34  -38.315 -26.6039   23.9382 21.269
7.35  -38.3319 -26.6178   23.9988 21.3463
7.36  -38.3485 -26.6316   24.0588 21.4228
7.37  -38.3651 -26.6453   24.1182 21.4986
7.38  -38.3814 -26.6589   24.177 21.5736
7.39  -38.3976 -26.6723   24.2353 21.6479
7.4  -38.4136 -26.6856   24.2929 21.7214
7.41  -38.4295 -26.6987   24.35 21.7942
7.42  -38.4452 -26.7117   24.4065 21.8662
7.43  -38.4607 -26.7246   24.4624 21.9376
7.44  -38.4761 -26.7374   24.5178 22.0082
7.45  -38.4914 -26.75   24.5726 22.0781
7.46  -38.5064 -26.7625   24.6269 22.1473
7.47  -38.5214 -26.7749   24.6806 22.2159
7.48  -38.5362 -26.7871   24.7338 22.2837
7.49  -38.5508 -26.7992   24.7865 22.3509
7.5  -38.5653 -26.8112   24.8386 22.4174
7.51  -38.5796 -26.8231   24.8902 22.4832
7.52  -38.5939 -26.8349   24.9413 22.5484
7.53  -38.6079 -26.8466   24.9919 22.6129
7.54  -38.6218 -26.8581   25.042 22.6767
7.55  -38.6356 -26.8695   25.0916 22.74
7.56  -38.6493 -26.8808   25.1407 22.8026
7.57  -38.6628 -26.892   25.1892 22.8645
7.58  -38.6761 -26.9031   25.2374 22.9259
7.59  -38.6894 -26.9141   25.285 22.9866
7.6  -38.7025 -26.9249   25.3321 23.0468
7.61  -38.7155 -26.9357   25.3788 23.1063
7.62  -38.7283 -26.9463   25.425 23.1652
7.63  -38.741 -26.9568   25.4708 23.2236
7.64  -38.7536 -26.9673   25.5161 23.2814
7.65  -38.7661 -26.9776   25.5609 23.3385
7.66  -38.7784 -26.9878   25.6053 23.3952
7.67  -38.7906 -26.998   25.6492 23.4512
7.68  -38.8027 -27.008   25.6927 23.5067
7.69  -38.8147 -27.0179   25.7358 23.5616
7.7  -38.8265 -27.0277   25.7785 23.616
7.71  -38.8383 -27.0374   25.8207 23.6699
7.72  -38.8499 -27.0471   25.8625 23.7232
7.73  -38.8614 -27.0566   25.9038 23.7759
7.74  -38.8728 -27.066   25.9448 23.8282
7.75  -38.8841 -27.0754   25.9854 23.8799
7.76  -38.8952 -27.0846   26.0255 23.9311
7.77  -38.9063 -27.0938   26.0653 23.9818
7.78  -38.9172 -27.1028   26.1046 24.032
7.79  -38.928 -27.1118   26.1436 24.0816
7.8  -38.9388 -27.1207   26.1821 24.1308
7.81  -38.9494 -27.1295   26.2203 24.1795
7.82  -38.9599 -27.1382   26.2581 24.2277
7.83  -38.9703 -27.1468   26.2955 24.2754
7.84  -38.9806 -27.1553   26.3326 24.3227
7.85  -38.9908 -27.1638   26.3692 24.3695
7.86  -39.0009 -27.1721   26.4055 24.4158
7.87  -39.0108 -27.1804   26.4415 24.4616
7.88  -39.0207 -27.1886   26.4771 24.507
7.89  -39.0305 -27.1967   26.5123 24.5519
7.9  -39.0402 -27.2048   26.5472 24.5964
7.91  -39.0498 -27.2127   26.5817 24.6404
7.92  -39.0593 -27.2206   26.6159 24.684
7.93  -39.0687 -27.2284   26.6497 24.7272
7.94  -39.078 -27.2361   26.6832 24.7699
7.95  -39.0873 -27.2437   26.7164 24.8122
7.96  -39.0964 -27.2513   26.7492 24.8541
7.97  -39.1054 -27.2588   26.7817 24.8956
7.98  -39.1144 -27.2662   26.8139 24.9366
7.99  -39.1232 -27.2735   26.8458 24.9772
8  -39.132 -27.2808   26.8773 25.0175
8.01  -39.1407 -27.288   26.9086 25.0573
8.02  -39.1493 -27.2951   26.9395 25.0967
8.03  -39.1578 -27.3022   26.9701 25.1357
8.04  -39.1662 -27.3091   27.0004 25.1744
8.05  -39.1745 -27.316   27.0304 25.2126
8.06  -39.1828 -27.3229   27.0601 25.2505
8.07  -39.191 -27.3297   27.0895 25.288
8.08  -39.1991 -27.3364   27.1186 25.3251
8.09  -39.2071 -27.343   27.1474 25.3619
8.1  -39.215 -27.3496   27.1759 25.3983
8.11  -39.2228 -27.3561   27.2042 25.4343
8.12  -39.2306 -27.3625   27.2321 25.4699
8.13  -39.2383 -27.3689   27.2598 25.5052
8.14  -39.2459 -27.3752   27.2872 25.5402
8.15  -39.2535 -27.3814   27.3143 25.5748
8.16  -39.2609 -27.3876   27.3412 25.609
8.17  -39.2683 -27.3938   27.3678 25.6429
8.18  -39.2756 -27.3998   27.3941 25.6765
8.19  -39.2829 -27.4058   27.4201 25.7098
8.2  -39.2901 -27.4118   27.4459 25.7427
8.21  -39.2972 -27.4176   27.4715 25.7752
8.22  -39.3042 -27.4235   27.4968 25.8075
8.23  -39.3111 -27.4292   27.5218 25.8394
8.24  -39.318 -27.4349   27.5466 25.871
8.25  -39.3248 -27.4406   27.5711 25.9023
8.26  -39.3316 -27.4462   27.5954 25.9333
8.27  -39.3383 -27.4517   27.6195 25.9639
8.28  -39.3449 -27.4572   27.6433 25.9943
8.29  -39.3515 -27.4626   27.6668 26.0244
8.3  -39.3579 -27.468   27.6902 26.0541
8.31  -39.3644 -27.4733   27.7133 26.0836
8.32  -39.3707 -27.4786   27.7361 26.1127
8.33  -39.377 -27.4838   27.7588 26.1416
8.34  -39.3832 -27.489   27.7812 26.1702
8.35  -39.3894 -27.4941   27.8034 26.1985
8.36  -39.3955 -27.4991   27.8253 26.2265
8.37  -39.4016 -27.5041   27.8471 26.2542
8.38  -39.4075 -27.5091   27.8686 26.2817
8.39  -39.4135 -27.514   27.8899 26.3089
8.4  -39.4193 -27.5189   27.911 26.3358
8.41  -39.4251 -27.5237   27.9319 26.3624
8.42  -39.4309 -27.5284   27.9526 26.3888
8.43  -39.4366 -27.5332   27.9731 26.4149
8.44  -39.4422 -27.5378   27.9933 26.4408
8.45  -39.4478 -27.5425   28.0134 26.4664
8.46  -39.4533 -27.547   28.0333 26.4917
8.47  -39.4588 -27.5516   28.0529 26.5168
8.48  -39.4642 -27.556   28.0724 26.5416
8.49  -39.4695 -27.5605   28.0917 26.5662
8.5  -39.4749 -27.5649   28.1108 26.5905
8.51  -39.4801 -27.5692   28.1297 26.6146
8.52  -39.4853 -27.5735   28.1484 26.6385
8.53  -39.4905 -27.5778   28.1669 26.6621
8.54  -39.4955 -27.582   28.1852 26.6855
8.55  -39.5006 -27.5862   28.2034 26.7086
8.56  -39.5056 -27.5903   28.2213 26.7315
8.57  -39.5105 -27.5944   28.2391 26.7542
8.58  -39.5154 -27.5985   28.2567 26.7767
8.59  -39.5203 -27.6025   28.2742 26.7989
8.6  -39.5251 -27.6065   28.2914 26.8209
8.61  -39.5298 -27.6104   28.3085 26.8427
8.62  -39.5345 -27.6143   28.3254 26.8643
8.63  -39.5392 -27.6182   28.3422 26.8856
8.64  -39.5438 -27.622   28.3587 26.9068
8.65  -39.5483 -27.6258   28.3751 26.9277
8.66  -39.5529 -27.6295   28.3914 26.9484
8.67  -39.5573 -27.6332   28.4075 26.969
8.68  -39.5618 -27.6369   28.4234 26.9893
8.69  -39.5661 -27.6405   28.4392 27.0094
8.7  -39.5705 -27.6441   28.4548 27.0293
8.71  -39.5748 -27.6477   28.4702 27.049
8.72  -39.579 -27.6512   28.4855 27.0685
8.73  -39.5832 -27.6547   28.5007 27.0878
8.74  -39.5874 -27.6581   28.5157 27.1069
8.75  -39.5915 -27.6616   28.5305 27.1259
8.76  -39.5956 -27.6649   28.5452 27.1446
8.77  -39.5997 -27.6683   28.5598 27.1632
8.78  -39.6037 -27.6716   28.5742 27.1815
8.79  -39.6076 -27.6749   28.5884 27.1997
8.8  -39.6115 -27.6781   28.6025 27.2177
8.81  -39.6154 -27.6814   28.6165 27.2355
8.82  -39.6193 -27.6845   28.6303 27.2532
8.83  -39.6231 -27.6877   28.644 27.2707
8.84  -39.6269 -27.6908   28.6576 27.288
8.85  -39.6306 -27.6939   28.671 27.3051
8.86  -39.6343 -27.697   28.6843 27.322
8.87  -39.6379 -27.7   28.6975 27.3388
8.88  -39.6416 -27.703   28.7105 27.3554
8.89  -39.6451 -27.706   28.7234 27.3719
8.9  -39.6487 -27.7089   28.7362 27.3881
8.91  -39.6522 -27.7118   28.7488 27.4043
8.92  -39.6557 -27.7147   28.7613 27.4202
8.93  -39.6591 -27.7176   28.7737 27.436
8.94  -39.6625 -27.7204   28.786 27.4517
8.95  -39.6659 -27.7232   28.7981 27.4671
8.96  -39.6693 -27.726   28.8101 27.4825
8.97  -39.6726 -27.7287   28.822 27.4976
8.98  -39.6758 -27.7314   28.8338 27.5127
8.99  -39.6791 -27.7341   28.8455 27.5275
9  -39.6823 -27.7367   28.857 27.5423
9.01  -39.6855 -27.7394   28.8684 27.5568
9.02  -39.6886 -27.742   28.8797 27.5713
9.03  -39.6917 -27.7446   28.8909 27.5856
9.04  -39.6948 -27.7471   28.902 27.5997
9.05  -39.6979 -27.7497   28.913 27.6137
9.06  -39.7009 -27.7522   28.9239 27.6276
9.07  -39.7039 -27.7546   28.9347 27.6413
9.08  -39.7068 -27.7571   28.9453 27.6549
9.09  -39.7098 -27.7595   28.9559 27.6683
9.1  -39.7127 -27.7619   28.9663 27.6816
9.11  -39.7155 -27.7643   28.9766 27.6948
9.12  -39.7184 -27.7667   28.9869 27.7079
9.13  -39.7212 -27.769   28.997 27.7208
9.14  -39.724 -27.7713   29.007 27.7336
9.15  -39.7267 -27.7736   29.017 27.7463
9.16  -39.7295 -27.7759   29.0268 27.7588
9.17  -39.7322 -27.7781   29.0365 27.7712
9.18  -39.7349 -27.7803   29.0462 27.7835
9.19  -39.7375 -27.7825   29.0557 27.7957
9.2  -39.7401 -27.7847   29.0651 27.8077
9.21  -39.7427 -27.7868   29.0745 27.8196
9.22  -39.7453 -27.789   29.0837 27.8314
9.23  -39.7479 -27.7911   29.0929 27.8431
9.24  -39.7504 -27.7932   29.102 27.8547
9.25  -39.7529 -27.7952   29.111 27.8661
9.26  -39.7553 -27.7973   29.1198 27.8775
9.27  -39.7578 -27.7993   29.1286 27.8887
9.28  -39.7602 -27.8013   29.1374 27.8998
9.29  -39.7626 -27.8033   29.146 27.9108
9.3  -39.765 -27.8053   29.1545 27.9217
9.31  -39.7673 -27.8072   29.163 27.9325
9.32  -39.7697 -27.8091   29.1713 27.9432
9.33  -39.772 -27.8111   29.1796 27.9537
9.34  -39.7742 -27.8129   29.1878 27.9642
9.35  -39.7765 -27.8148   29.196 27.9746
9.36  -39.7787 -27.8167   29.204 27.9848
9.37  -39.781 -27.8185   29.212 27.995
9.38  -39.7831 -27.8203   29.2198 28.005
9.39  -39.7853 -27.8221   29.2276 28.015
9.4  -39.7875 -27.8239   29.2354 28.0248
9.41  -39.7896 -27.8257   29.243 28.0346
9.42  -39.7917 -27.8274   29.2506 28.0442
9.43  -39.7938 -27.8291   29.2581 28.0538
9.44  -39.7958 -27.8308   29.2655 28.0632
9.45  -39.7979 -27.8325   29.2728 28.0726
9.46  -39.7999 -27.8342   29.2801 28.0819
9.47  -39.8019 -27.8359   29.2873 28.0911
9.48  -39.8039 -27.8375   29.2944 28.1002
9.49  -39.8058 -27.8391   29.3015 28.1092
9.5  -39.8078 -27.8407   29.3085 28.1181
9.51  -39.8097 -27.8423   29.3154 28.1269
9.52  -39.8116 -27.8439   29.3222 28.1356
9.53  -39.8135 -27.8455   29.329 28.1443
9.54  -39.8154 -27.847   29.3357 28.1528
9.55  -39.8172 -27.8485   29.3424 28.1613
9.56  -39.819 -27.8501   29.3489 28.1697
9.57  -39.8208 -27.8516   29.3555 28.178
9.58  -39.8226 -27.853   29.3619 28.1862
9.59  -39.8244 -27.8545   29.3683 28.1943
9.6  -39.8262 -27.856   29.3746 28.2024
9.61  -39.8279 -27.8574   29.3809 28.2104
9.62  -39.8296 -27.8588   29.387 28.2183
9.63  -39.8313 -27.8602   29.3932 28.2261
9.64  -39.833 -27.8616   29.3992 28.2338
9.65  -39.8347 -27.863   29.4053 28.2415
9.66  -39.8363 -27.8644   29.4112 28.2491
9.67  -39.838 -27.8657   29.4171 28.2566
9.68  -39.8396 -27.8671   29.4229 28.264
9.69  -39.8412 -27.8684   29.4287 28.2714
9.7  -39.8428 -27.8697   29.4344 28.2787
9.71  -39.8444 -27.871   29.4401 28.2859
9.72  -39.8459 -27.8723   29.4457 28.293
9.73  -39.8475 -27.8736   29.4512 28.3001
9.74  -39.849 -27.8749   29.4567 28.3071
9.75  -39.8505 -27.8761   29.4621 28.314
9.76  -39.852 -27.8774   29.4675 28.3209
9.77  -39.8535 -27.8786   29.4728 28.3277
9.78  -39.8549 -27.8798   29.4781 28.3344
9.79  -39.8564 -27.881   29.4833 28.341
9.8  -39.8578 -27.8822   29.4885 28.3476
9.81  -39.8592 -27.8834   29.4936 28.3542
9.82  -39.8606 -27.8845   29.4987 28.3606
9.83  -39.862 -27.8857   29.5037 28.367
9.84  -39.8634 -27.8868   29.5086 28.3733
9.85  -39.8648 -27.888   29.5136 28.3796
9.86  -39.8661 -27.8891   29.5184 28.3858
9.87  -39.8675 -27.8902   29.5232 28.3919
9.88  -39.8688 -27.8913   29.528 28.398
9.89  -39.8701 -27.8924   29.5327 28.404
9.9  -39.8714 -27.8935   29.5374 28.41
9.91  -39.8727 -27.8945   29.542 28.4159
9.92  -39.874 -27.8956   29.5466 28.4217
9.93  -39.8752 -27.8966   29.5511 28.4275
9.94  -39.8765 -27.8977   29.5556 28.4333
9.95  -39.8777 -27.8987   29.5601 28.4389
9.96  -39.8789 -27.8997   29.5645 28.4445
9.97  -39.8801 -27.9007   29.5688 28.4501
9.98  -39.8813 -27.9017   29.5731 28.4556
9.99  -39.8825 -27.9027   29.5774 28.461
10  -39.8837 -27.9036   29.5816 28.4664
10.01  -39.8849 -27.9046   29.5858 28.4718
10.02  -39.886 -27.9056   29.59 28.477
10.03  -39.8872 -27.9065   29.5941 28.4823
10.04  -39.8883 -27.9074   29.5981 28.4874
10.05  -39.8894 -27.9084   29.6021 28.4926
10.06  -39.8905 -27.9093   29.6061 28.4976
10.07  -39.8916 -27.9102   29.61 28.5027
10.08  -39.8927 -27.9111   29.6139 28.5076
10.09  -39.8938 -27.912   29.6178 28.5126
10.1  -39.8948 -27.9129   29.6216 28.5174
10.11  -39.8959 -27.9137   29.6254 28.5223
10.12  -39.8969 -27.9146   29.6292 28.527
10.13  -39.8979 -27.9154   29.6329 28.5318
10.14  -39.899 -27.9163   29.6365 28.5365
10.15  -39.9 -27.9171   29.6402 28.5411
10.16  -39.901 -27.918   29.6438 28.5457
10.17  -39.902 -27.9188   29.6473 28.5502
10.18  -39.903 -27.9196   29.6509 28.5547
10.19  -39.9039 -27.9204   29.6544 28.5592
10.2  -39.9049 -27.9212   29.6578 28.5636
10.21  -39.9058 -27.922   29.6612 28.5679
10.22  -39.9068 -27.9228   29.6646 28.5723
10.23  -39.9077 -27.9235   29.668 28.5765
10.24  -39.9086 -27.9243   29.6713 28.5808
10.25  -39.9095 -27.9251   29.6746 28.585
10.26  -39.9104 -27.9258   29.6778 28.5891
10.27  -39.9113 -27.9265   29.6811 28.5932
10.28  -39.9122 -27.9273   29.6842 28.5973
10.29  -39.9131 -27.928   29.6874 28.6013
10.3  -39.914 -27.9287   29.6905 28.6053
10.31  -39.9148 -27.9294   29.6936 28.6093
10.32  -39.9157 -27.9301   29.6967 28.6132
10.33  -39.9165 -27.9308   29.6997 28.617
10.34  -39.9174 -27.9315   29.7027 28.6209
10.35  -39.9182 -27.9322   29.7057 28.6247
10.36  -39.919 -27.9329   29.7086 28.6284
10.37  -39.9198 -27.9336   29.7116 28.6321
10.38  -39.9206 -27.9342   29.7144 28.6358
10.39  -39.9214 -27.9349   29.7173 28.6394
10.4  -39.9222 -27.9355   29.7201 28.6431
10.41  -39.923 -27.9362   29.7229 28.6466
10.42  -39.9238 -27.9368   29.7257 28.6502
10.43  -39.9245 -27.9375   29.7284 28.6537
10.44  -39.9253 -27.9381   29.7311 28.6571
10.45  -39.926 -27.9387   29.7338 28.6605
10.46  -39.9268 -27.9393   29.7365 28.6639
10.47  -39.9275 -27.9399   29.7391 28.6673
10.48  -39.9282 -27.9405   29.7417 28.6706
10.49  -39.9289 -27.9411   29.7443 28.6739
10.5  -39.9296 -27.9417   29.7469 28.6772
10.51  -39.9303 -27.9423   29.7494 28.6804
10.52  -39.931 -27.9429   29.7519 28.6836
10.53  -39.9317 -27.9434   29.7544 28.6868
10.54  -39.9324 -27.944   29.7569 28.6899
10.55  -39.9331 -27.9446   29.7593 28.693
10.56  -39.9338 -27.9451   29.7617 28.6961
10.57  -39.9344 -27.9457   29.7641 28.6991
10.58  -39.9351 -27.9462   29.7664 28.7021
10.59  -39.9357 -27.9467   29.7688 28.7051
10.6  -39.9364 -27.9473   29.7711 28.708
10.61  -39.937 -27.9478   29.7734 28.711
10.62  -39.9376 -27.9483   29.7756 28.7139
10.63  -39.9383 -27.9488   29.7779 28.7167
10.64  -39.9389 -27.9494   29.7801 28.7196
10.65  -39.9395 -27.9499   29.7823 28.7224
10.66  -39.9401 -27.9504   29.7845 28.7251
10.67  -39.9407 -27.9509   29.7866 28.7279
10.68  -39.9413 -27.9513   29.7888 28.7306
10.69  -39.9419 -27.9518   29.7909 28.7333
10.7  -39.9425 -27.9523   29.793 28.736
10.71  -39.943 -27.9528   29.795 28.7386
10.72  -39.9436 -27.9533   29.7971 28.7412
10.73  -39.9442 -27.9537   29.7991 28.7438
10.74  -39.9447 -27.9542   29.8011 28.7464
10.75  -39.9453 -27.9547   29.8031 28.7489
10.76  -39.9458 -27.9551   29.8051 28.7514
10.77  -39.9464 -27.9556   29.807 28.7539
10.78  -39.9469 -27.956   29.809 28.7564
10.79  -39.9474 -27.9564   29.8109 28.7588
10.8  -39.948 -27.9569   29.8128 28.7612
10.81  -39.9485 -27.9573   29.8146 28.7636
10.82  -39.949 -27.9577   29.8165 28.766
10.83  -39.9495 -27.9582   29.8183 28.7683
10.84  -39.95 -27.9586   29.8201 28.7706
10.85  -39.9505 -27.959   29.8219 28.7729
10.86  -39.951 -27.9594   29.8237 28.7752
10.87  -39.9515 -27.9598   29.8255 28.7774
10.88  -39.952 -27.9602   29.8272 28.7797
10.89  -39.9525 -27.9606   29.829 28.7819
10.9  -39.9529 -27.961   29.8307 28.784
10.91  -39.9534 -27.9614   29.8324 28.7862
10.92  -39.9539 -27.9618   29.834 28.7883
10.93  -39.9543 -27.9622   29.8357 28.7905
10.94  -39.9548 -27.9625   29.8373 28.7926
10.95  -39.9552 -27.9629   29.839 28.7946
10.96  -39.9557 -27.9633   29.8406 28.7967
10.97  -39.9561 -27.9637   29.8422 28.7987
10.98  -39.9566 -27.964   29.8438 28.8007
10.99  -39.957 -27.9644   29.8453 28.8027
11  -39.9574 -27.9647   29.8469 28.8047
11.01  -39.9579 -27.9651   29.8484 28.8066
11.02  -39.9583 -27.9654   29.8499 28.8086
11.03  -39.9587 -27.9658   29.8514 28.8105
11.04  -39.9591 -27.9661   29.8529 28.8124
11.05  -39.9595 -27.9665   29.8544 28.8143
11.06  -39.9599 -27.9668   29.8558 28.8161
11.07  -39.9603 -27.9671   29.8573 28.818
11.08  -39.9607 -27.9675   29.8587 28.8198
11.09  -39.9611 -27.9678   29.8601 28.8216
11.1  -39.9615 -27.9681   29.8615 28.8234
11.11  -39.9619 -27.9684   29.8629 28.8251
11.12  -39.9623 -27.9687   29.8643 28.8269
11.13  -39.9626 -27.969   29.8656 28.8286
11.14  -39.963 -27.9694   29.867 28.8303
11.15  -39.9634 -27.9697   29.8683 28.832
11.16  -39.9638 -27.97   29.8696 28.8337
11.17  -39.9641 -27.9703   29.8709 28.8354
11.18  -39.9645 -27.9706   29.8722 28.837
11.19  -39.9648 -27.9709   29.8735 28.8386
11.2  -39.9652 -27.9712   29.8747 28.8403
11.21  -39.9655 -27.9714   29.876 28.8419
11.22  -39.9659 -27.9717   29.8772 28.8434
11.23  -39.9662 -27.972   29.8785 28.845
11.24  -39.9666 -27.9723   29.8797 28.8466
11.25  -39.9669 -27.9726   29.8809 28.8481
11.26  -39.9672 -27.9728   29.8821 28.8496
11.27  -39.9675 -27.9731   29.8833 28.8511
11.28  -39.9679 -27.9734   29.8844 28.8526
11.29  -39.9682 -27.9736   29.8856 28.8541
11.3  -39.9685 -27.9739   29.8867 28.8555
11.31  -39.9688 -27.9742   29.8879 28.857
11.32  -39.9691 -27.9744   29.889 28.8584
11.33  -39.9694 -27.9747   29.8901 28.8598
11.34  -39.9698 -27.9749   29.8912 28.8612
11.35  -39.9701 -27.9752   29.8923 28.8626
11.36  -39.9704 -27.9754   29.8934 28.864
11.37  -39.9707 -27.9757   29.8944 28.8653
11.38  -39.9709 -27.9759   29.8955 28.8667
11.39  -39.9712 -27.9762   29.8965 28.868
11.4  -39.9715 -27.9764   29.8976 28.8693
11.41  -39.9718 -27.9766   29.8986 28.8707
11.42  -39.9721 -27.9769   29.8996 28.8719
11.43  -39.9724 -27.9771   29.9006 28.8732
11.44  -39.9726 -27.9773   29.9016 28.8745
11.45  -39.9729 -27.9776   29.9026 28.8757
11.46  -39.9732 -27.9778   29.9035 28.877
11.47  -39.9735 -27.978   29.9045 28.8782
11.48  -39.9737 -27.9782   29.9055 28.8794
11.49  -39.974 -27.9784   29.9064 28.8806
11.5  -39.9742 -27.9787   29.9074 28.8818
11.51  -39.9745 -27.9789   29.9083 28.883
11.52  -39.9748 -27.9791   29.9092 28.8842
11.53  -39.975 -27.9793   29.9101 28.8853
11.54  -39.9753 -27.9795   29.911 28.8865
11.55  -39.9755 -27.9797   29.9119 28.8876
11.56  -39.9758 -27.9799   29.9128 28.8888
11.57  -39.976 -27.9801   29.9136 28.8899
11.58  -39.9762 -27.9803   29.9145 28.891
11.59  -39.9765 -27.9805   29.9154 28.8921
11.6  -39.9767 -27.9807   29.9162 28.8931
11.61  -39.9769 -27.9809   29.917 28.8942
11.62  -39.9772 -27.9811   29.9179 28.8953
11.63  -39.9774 -27.9813   29.9187 28.8963
11.64  -39.9776 -27.9815   29.9195 28.8973
11.65  -39.9779 -27.9816   29.9203 28.8984
11.66  -39.9781 -27.9818   29.9211 28.8994
11.67  -39.9783 -27.982   29.9219 28.9004
11.68  -39.9785 -27.9822   29.9227 28.9014
11.69  -39.9787 -27.9824   29.9235 28.9024
11.7  -39.9789 -27.9825   29.9242 28.9034
11.71  -39.9791 -27.9827   29.925 28.9043
11.72  -39.9794 -27.9829   29.9257 28.9053
11.73  -39.9796 -27.9831   29.9265 28.9062
11.74  -39.9798 -27.9832   29.9272 28.9072
11.75  -39.98 -27.9834   29.9279 28.9081
11.76  -39.9802 -27.9836   29.9287 28.909
11.77  -39.9804 -27.9837   29.9294 28.9099
11.78  -39.9806 -27.9839   29.9301 28.9108
11.79  -39.9808 -27.9841   29.9308 28.9117
11.8  -39.981 -27.9842   29.9315 28.9126
11.81  -39.9811 -27.9844   29.9322 28.9135
11.82  -39.9813 -27.9845   29.9328 28.9143
11.83  -39.9815 -27.9847   29.9335 28.9152
11.84  -39.9817 -27.9848   29.9342 28.916
11.85  -39.9819 -27.985   29.9348 28.9169
11.86  -39.9821 -27.9851   29.9355 28.9177
11.87  -39.9822 -27.9853   29.9361 28.9185
11.88  -39.9824 -27.9854   29.9368 28.9193
11.89  -39.9826 -27.9856   29.9374 28.9202
11.9  -39.9828 -27.9857   29.938 28.921
11.91  -39.9829 -27.9859   29.9386 28.9217
