-71 -44 5 14
20 18 5 14
0.01  29.8871 29.9173   -38.9148 -58.8889
0.02  29.7741 29.8345   -38.8297 -58.7777
0.03  29.6612 29.7518   -38.7445 -58.6666
0.04  29.5483 29.669   -38.6594 -58.5555
0.05  29.4353 29.5863   -38.5742 -58.4444
0.06  29.3224 29.5035   -38.4891 -58.3332
0.07  29.2095 29.4208   -38.4039 -58.2221
0.08  29.0965 29.3381   -38.3188 -58.111
0.09  28.9836 29.2553   -38.2336 -57.9998
0.1  28.8707 29.1726   -38.1485 -57.8887
0.11  28.7577 29.0898   -38.0633 -57.7776
0.12  28.6448 29.0071   -37.9782 -57.6665
0.13  28.5319 28.9243   -37.893 -57.5553
0.14  28.4189 28.8416   -37.8079 -57.4442
0.15  28.306 28.7589   -37.7227 -57.3331
0.16  28.1931 28.6761   -37.6376 -57.222
0.17  28.0802 28.5934   -37.5524 -57.1108
0.18  27.9672 28.5106   -37.4673 -56.9997
0.19  27.8543 28.4279   -37.3821 -56.8886
0.2  27.7414 28.3452   -37.297 -56.7774
0.21  27.6284 28.2624   -37.2118 -56.6663
0.22  27.5155 28.1797   -37.1267 -56.5552
0.23  27.4026 28.0969   -37.0415 -56.4441
0.24  27.2896 28.0142   -36.9564 -56.3329
0.25  27.1767 27.9314   -36.8712 -56.2218
0.26  27.0638 27.8487   -36.7861 -56.1107
0.27  26.9508 27.766   -36.7009 -55.9995
0.28  26.8379 27.6832   -36.6158 -55.8884
0.29  26.725 27.6005   -36.5306 -55.7773
0.3  26.612 27.5177   -36.4455 -55.6662
0.31  26.4991 27.435   -36.3603 -55.555
0.32  26.3862 27.3522   -36.2752 -55.4439
0.33  26.2732 27.2695   -36.19 -55.3328
0.34  26.1603 27.1868   -36.1049 -55.2216
0.35  26.0474 27.104   -36.0197 -55.1105
0.36  25.9344 27.0213   -35.9346 -54.9994
0.37  25.8215 26.9385   -35.8494 -54.8883
0.38  25.7086 26.8558   -35.7643 -54.7771
0.39  25.5956 26.773   -35.6791 -54.666
0.4  25.4827 26.6903   -35.594 -54.5549
0.41  25.3698 26.6076   -35.5088 -54.4437
0.42  25.2568 26.5248   -35.4237 -54.3326
0.43  25.1439 26.4421   -35.3385 -54.2215
0.44  25.031 26.3593   -35.2534 -54.1104
0.45  24.918 26.2766   -35.1682 -53.9992
0.46  24.8051 26.1938   -35.0831 -53.8881
0.47  24.6922 26.1111   -34.9979 -53.777
0.48  24.5793 26.0284   -34.9128 -53.6659
0.49  24.4663 25.9456   -34.8276 -53.5547
0.5  24.3534 25.8629   -34.7425 -53.4436
0.51  24.2405 25.7801   -34.6573 -53.3325
0.52  24.1275 25.6974   -34.5722 -53.2213
0.53  24.0146 25.6147   -34.487 -53.1102
0.54  23.9017 25.5319   -34.4019 -52.9991
0.55  23.7887 25.4492   -34.3167 -52.888
0.56  23.6758 25.3664   -34.2316 -52.7768
0.57  23.5629 25.2837   -34.1464 -52.6657
0.58  23.4499 25.2009   -34.0613 -52.5546
0.59  23.337 25.1182   -33.9761 -52.4434
0.6  23.2241 25.0355   -33.891 -52.3323
0.61  23.1111 24.9527   -33.8058 -52.2212
0.62  22.9982 24.87   -33.7207 -52.1101
0.63  22.8853 24.7872   -33.6355 -51.9989
0.64  22.7723 24.7045   -33.5504 -51.8878
0.65  22.6594 24.6217   -33.4652 -51.7767
0.66  22.5465 24.539   -33.3801 -51.6655
0.67  22.4335 24.4563   -33.2949 -51.5544
0.68  22.3206 24.3735   -33.2098 -51.4433
0.69  22.2077 24.2908   -33.1246 -51.3322
0.7  22.0947 24.208   -33.0395 -51.221
0.71  21.9818 24.1253   -32.9543 -51.1099
0.72  21.8689 24.0425   -32.8692 -50.9988
0.73  21.7559 23.9598   -32.784 -50.8876
0.74  21.643 23.8771   -32.6989 -50.7765
0.75  21.5301 23.7943   -32.6137 -50.6654
0.76  21.4171 23.7116   -32.5286 -50.5543
0.77  21.3042 23.6288   -32.4434 -50.4431
0.78  21.1913 23.5461   -32.3583 -50.332
0.79  21.0784 23.4633   -32.2731 -50.2209
0.8  20.9654 23.3806   -32.188 -50.1098
0.81  20.8525 23.2979   -32.1028 -49.9986
0.82  20.7396 23.2151   -32.0177 -49.8875
0.83  20.6266 23.1324   -31.9325 -49.7764
0.84  20.5137 23.0496   -31.8474 -49.6652
0.85  20.4008 22.9669   -31.7622 -49.5541
0.86  20.2878 22.8842   -31.6771 -49.443
0.87  20.1749 22.8014   -31.5919 -49.3319
0.88  20.062 22.7187   -31.5068 -49.2207
0.89  19.949 22.6359   -31.4216 -49.1096
0.9  19.8361 22.5532   -31.3365 -48.9985
0.91  19.7232 22.4704   -31.2513 -48.8873
0.92  19.6102 22.3877   -31.1662 -48.7762
0.93  19.4973 22.305   -31.081 -48.6651
0.94  19.3844 22.2222   -30.9959 -48.554
0.95  19.2714 22.1395   -30.9107 -48.4428
0.96  19.1585 22.0567   -30.8256 -48.3317
0.97  19.0456 21.974   -30.7404 -48.2206
0.98  18.9326 21.8912   -30.6553 -48.1094
0.99  18.8197 21.8085   -30.5701 -47.9983
1  18.7068 21.7258   -30.485 -47.8872
1.01  18.5938 21.643   -30.3998 -47.7761
1.02  18.4809 21.5603   -30.3147 -47.6649
1.03  18.368 21.4775   -30.2295 -47.5538
1.04  18.255 21.3948   -30.1444 -47.4427
1.05  18.1421 21.312   -30.0592 -47.3315
1.06  18.0292 21.2293   -29.9741 -47.2204
1.07  17.9163 21.1466   -29.8889 -47.1093
1.08  17.8033 21.0638   -29.8038 -46.9982
1.09  17.6904 20.9811   -29.7186 -46.887
1.1  17.5775 20.8983   -29.6335 -46.7759
1.11  17.4645 20.8156   -29.5483 -46.6648
1.12  17.3516 20.7328   -29.4632 -46.5537
1.13  17.2387 20.6501   -29.378 -46.4425
1.14  17.1257 20.5674   -29.2929 -46.3314
1.15  17.0128 20.4846   -29.2077 -46.2203
1.16  16.8999 20.4019   -29.1226 -46.1091
1.17  16.7869 20.3191   -29.0374 -45.998
1.18  16.674 20.2364   -28.9523 -45.8869
1.19  16.5611 20.1537   -28.8671 -45.7758
1.2  16.4481 20.0709   -28.782 -45.6646
1.21  16.3352 19.9882   -28.6968 -45.5535
1.22  16.2223 19.9054   -28.6117 -45.4424
1.23  16.1093 19.8227   -28.5265 -45.3312
1.24  15.9964 19.7399   -28.4414 -45.2201
1.25  15.8835 19.6572   -28.3562 -45.109
1.26  15.7705 19.5745   -28.2711 -44.9979
1.27  15.6576 19.4917   -28.1859 -44.8867
1.28  15.5447 19.409   -28.1008 -44.7756
1.29  15.4317 19.3262   -28.0156 -44.6645
1.3  15.3188 19.2435   -27.9305 -44.5533
1.31  15.2059 19.1607   -27.8453 -44.4422
1.32  15.0929 19.078   -27.7602 -44.3311
1.33  14.98 18.9953   -27.675 -44.22
1.34  14.8671 18.9125   -27.5899 -44.1088
1.35  14.7541 18.8298   -27.5047 -43.9977
1.36  14.6412 18.747   -27.4196 -43.8866
1.37  14.5283 18.6643   -27.3344 -43.7754
1.38  14.4154 18.5815   -27.2493 -43.6643
1.39  14.3024 18.4988   -27.1641 -43.5532
1.4  14.1895 18.4161   -27.079 -43.4421
1.41  14.0766 18.3333   -26.9938 -43.3309
1.42  13.9636 18.2506   -26.9087 -43.2198
1.43  13.8507 18.1678   -26.8235 -43.1087
1.44  13.7378 18.0851   -26.7384 -42.9976
1.45  13.6248 18.0023   -26.6532 -42.8864
1.46  13.5119 17.9196   -26.5681 -42.7753
1.47  13.399 17.8369   -26.4829 -42.6642
1.48  13.286 17.7541   -26.3978 -42.553
1.49  13.1731 17.6714   -26.3126 -42.4419
1.5  13.0602 17.5886   -26.2275 -42.3308
1.51  12.9472 17.5059   -26.1423 -42.2197
1.52  12.8343 17.4232   -26.0572 -42.1085
1.53  12.7214 17.3404   -25.972 -41.9974
1.54  12.6084 17.2577   -25.8869 -41.8863
1.55  12.4955 17.1749   -25.8017 -41.7751
1.56  12.3826 17.0922   -25.7166 -41.664
1.57  12.2696 17.0094   -25.6314 -41.5529
1.58  12.1567 16.9267   -25.5463 -41.4418
1.59  12.0438 16.844   -25.4611 -41.3306
1.6  11.9308 16.7612   -25.376 -41.2195
1.61  11.8179 16.6785   -25.2908 -41.1084
1.62  11.705 16.5957   -25.2057 -40.9972
1.63  11.592 16.513   -25.1205 -40.8861
1.64  11.4791 16.4302   -25.0354 -40.775
1.65  11.3662 16.3475   -24.9502 -40.6639
1.66  11.2532 16.2648   -24.8651 -40.5527
1.67  11.1403 16.182   -24.7799 -40.4416
1.68  11.0274 16.0993   -24.6948 -40.3305
1.69  10.9145 16.0165   -24.6096 -40.2193
1.7  10.8015 15.9338   -24.5245 -40.1082
1.71  10.6886 15.851   -24.4393 -39.9971
1.72  10.5757 15.7683   -24.3542 -39.886
1.73  10.4627 15.6856   -24.269 -39.7748
1.74  10.3498 15.6028   -24.1839 -39.6637
1.75  10.2369 15.5201   -24.0987 -39.5526
1.76  10.1239 15.4373   -24.0136 -39.4415
1.77  10.011 15.3546   -23.9284 -39.3303
1.78  9.89806 15.2718   -23.8433 -39.2192
1.79  9.78513 15.1891   -23.7581 -39.1081
1.8  9.6722 15.1064   -23.673 -38.9969
1.81  9.55927 15.0236   -23.5878 -38.8858
1.82  9.44633 14.9409   -23.5027 -38.7747
1.83  9.3334 14.8581   -23.4175 -38.6636
1.84  9.22047 14.7754   -23.3324 -38.5524
1.85  9.10754 14.6927   -23.2472 -38.4413
1.86  8.9946 14.6099   -23.1621 -38.3302
1.87  8.88167 14.5272   -23.0769 -38.219
1.88  8.76874 14.4444   -22.9918 -38.1079
1.89  8.65581 14.3617   -22.9066 -37.9968
1.9  8.54287 14.2789   -22.8215 -37.8857
1.91  8.42994 14.1962   -22.7363 -37.7745
1.92  8.31701 14.1135   -22.6512 -37.6634
1.93  8.20408 14.0307   -22.566 -37.5523
1.94  8.09115 13.948   -22.4809 -37.4411
1.95  7.97821 13.8652   -22.3957 -37.33
1.96  7.86528 13.7825   -22.3106 -37.2189
1.97  7.75235 13.6997   -22.2254 -37.1078
1.98  7.63942 13.617   -22.1403 -36.9966
1.99  7.52648 13.5343   -22.0551 -36.8855
2  7.41355 13.4515   -21.97 -36.7744
2.01  7.30062 13.3688   -21.8848 -36.6632
2.02  7.18769 13.286   -21.7997 -36.5521
2.03  7.07476 13.2033   -21.7145 -36.441
2.04  6.96182 13.1205   -21.6294 -36.3299
2.05  6.84889 13.0378   -21.5442 -36.2187
2.06  6.73596 12.9551   -21.4591 -36.1076
2.07  6.62303 12.8723   -21.3739 -35.9965
2.08  6.51009 12.7896   -21.2888 -35.8854
2.09  6.39716 12.7068   -21.2036 -35.7742
2.1  6.28423 12.6241   -21.1185 -35.6631
2.11  6.1713 12.5413   -21.0333 -35.552
2.12  6.05837 12.4586   -20.9482 -35.4408
2.13  5.94543 12.3759   -20.863 -35.3297
2.14  5.8325 12.2931   -20.7779 -35.2186
2.15  5.71957 12.2104   -20.6927 -35.1075
2.16  5.60664 12.1276   -20.6076 -34.9963
2.17  5.4937 12.0449   -20.5224 -34.8852
2.18  5.38077 11.9622   -20.4373 -34.7741
2.19  5.26784 11.8794   -20.3521 -34.6629
2.2  5.15491 11.7967   -20.267 -34.5518
2.21  5.04198 11.7139   -20.1818 -34.4407
2.22  4.92904 11.6312   -20.0967 -34.3296
2.23  4.81611 11.5484   -20.0115 -34.2184
2.24  4.70318 11.4657   -19.9264 -34.1073
2.25  4.59025 11.383   -19.8412 -33.9962
2.26  4.47731 11.3002   -19.7561 -33.885
2.27  4.36438 11.2175   -19.6709 -33.7739
2.28  4.25145 11.1347   -19.5858 -33.6628
2.29  4.13852 11.052   -19.5006 -33.5517
2.3  4.02559 10.9692   -19.4155 -33.4405
2.31  3.91265 10.8865   -19.3303 -33.3294
2.32  3.79972 10.8038   -19.2452 -33.2183
2.33  3.68679 10.721   -19.16 -33.1071
2.34  3.57386 10.6383   -19.0749 -32.996
2.35  3.46092 10.5555   -18.9897 -32.8849
2.36  3.34799 10.4728   -18.9046 -32.7738
2.37  3.23506 10.39   -18.8194 -32.6626
2.38  3.12213 10.3073   -18.7343 -32.5515
2.39  3.0092 10.2246   -18.6491 -32.4404
2.4  2.89626 10.1418   -18.564 -32.3293
2.41  2.78333 10.0591   -18.4788 -32.2181
2.42  2.6704 9.97633   -18.3937 -32.107
2.43  2.55747 9.89359   -18.3085 -31.9959
2.44  2.44453 9.81085   -18.2234 -31.8847
2.45  2.3316 9.7281   -18.1382 -31.7736
2.46  2.21867 9.64536   -18.0531 -31.6625
2.47  2.10574 9.56262   -17.9679 -31.5514
2.48  1.99281 9.47988   -17.8828 -31.4402
2.49  1.87987 9.39713   -17.7976 -31.3291
2.5  1.76694 9.31439   -17.7125 -31.218
2.51  1.65401 9.23165   -17.6273 -31.1068
2.52  1.54108 9.14891   -17.5422 -30.9957
2.53  1.42814 9.06616   -17.457 -30.8846
2.54  1.31521 8.98342   -17.3719 -30.7735
2.55  1.20228 8.90068   -17.2867 -30.6623
2.56  1.08935 8.81794   -17.2016 -30.5512
2.57  0.976415 8.7352   -17.1164 -30.4401
2.58  0.863483 8.65245   -17.0313 -30.3289
2.59  0.750551 8.56971   -16.9461 -30.2178
2.6  0.637618 8.48697   -16.861 -30.1067
2.61  0.524686 8.40423   -16.7758 -29.9956
2.62  0.411754 8.32148   -16.6907 -29.8844
2.63  0.298822 8.23874   -16.6055 -29.7733
2.64  0.185889 8.156   -16.5204 -29.6622
2.65  0.0729572 8.07326   -16.4352 -29.551
2.66  -0.039975 7.99051   -16.3501 -29.4399
2.67  -0.152907 7.90777   -16.2649 -29.3288
2.68  -0.265839 7.82503   -16.1798 -29.2177
2.69  -0.378772 7.74229   -16.0946 -29.1065
2.7  -0.491704 7.65954   -16.0095 -28.9954
2.71  -0.604636 7.5768   -15.9243 -28.8843
2.72  -0.717568 7.49406   -15.8392 -28.7732
2.73  -0.830501 7.41132   -15.754 -28.662
2.74  -0.943433 7.32857   -15.6689 -28.5509
2.75  -1.05637 7.24583   -15.5837 -28.4398
2.76  -1.1693 7.16309   -15.4986 -28.3286
2.77  -1.28223 7.08035   -15.4134 -28.2175
2.78  -1.39516 6.9976   -15.3283 -28.1064
2.79  -1.50809 6.91486   -15.2431 -27.9953
2.8  -1.62103 6.83212   -15.158 -27.8841
2.81  -1.73396 6.74938   -15.0728 -27.773
2.82  -1.84689 6.66663   -14.9877 -27.6619
2.83  -1.95982 6.58389   -14.9025 -27.5507
2.84  -2.07276 6.50115   -14.8174 -27.4396
2.85  -2.18569 6.41841   -14.7322 -27.3285
2.86  -2.29862 6.33566   -14.6471 -27.2174
2.87  -2.41155 6.25292   -14.5619 -27.1062
2.88  -2.52448 6.17018   -14.4768 -26.9951
2.89  -2.63742 6.08744   -14.3916 -26.884
2.9  -2.75035 6.0047   -14.3065 -26.7728
2.91  -2.86328 5.92195   -14.2213 -26.6617
2.92  -2.97621 5.83921   -14.1362 -26.5506
2.93  -3.08915 5.75647   -14.051 -26.4395
2.94  -3.20208 5.67373   -13.9659 -26.3283
2.95  -3.31501 5.59098   -13.8807 -26.2172
2.96  -3.42794 5.50824   -13.7956 -26.1061
2.97  -3.54087 5.4255   -13.7104 -25.9949
2.98  -3.65381 5.34276   -13.6253 -25.8838
2.99  -3.76674 5.26001   -13.5401 -25.7727
3  -3.87967 5.17727   -13.455 -25.6616
3.01  -3.9926 5.09453   -13.3698 -25.5504
3.02  -4.10554 5.01179   -13.2847 -25.4393
3.03  -4.21847 4.92904   -13.1995 -25.3282
3.04  -4.3314 4.8463   -13.1144 -25.2171
3.05  -4.44433 4.76356   -13.0292 -25.1059
3.06  -4.55726 4.68082   -12.9441 -24.9948
3.07  -4.6702 4.59807   -12.8589 -24.8837
3.08  -4.78313 4.51533   -12.7738 -24.7725
3.09  -4.89606 4.43259   -12.6886 -24.6614
3.1  -5.00899 4.34985   -12.6035 -24.5503
3.11  -5.12193 4.2671   -12.5183 -24.4392
3.12  -5.23486 4.18436   -12.4332 -24.328
3.13  -5.34779 4.10162   -12.348 -24.2169
3.14  -5.46072 4.01888   -12.2629 -24.1058
3.15  -5.57365 3.93613   -12.1777 -23.9946
3.16  -5.68659 3.85339   -12.0926 -23.8835
3.17  -5.79952 3.77065   -12.0074 -23.7724
3.18  -5.91245 3.68791   -11.9223 -23.6613
3.19  -6.02538 3.60516   -11.8371 -23.5501
3.2  -6.13832 3.52242   -11.752 -23.439
3.21  -6.25125 3.43968   -11.6668 -23.3279
3.22  -6.36418 3.35694   -11.5817 -23.2167
3.23  -6.47711 3.27419   -11.4965 -23.1056
3.24  -6.59004 3.19145   -11.4114 -22.9945
3.25  -6.70298 3.10871   -11.3262 -22.8834
3.26  -6.81591 3.02597   -11.2411 -22.7722
3.27  -6.92884 2.94323   -11.1559 -22.6611
3.28  -7.04177 2.86048   -11.0708 -22.55
3.29  -7.15471 2.77774   -10.9856 -22.4389
3.3  -7.26764 2.695   -10.9005 -22.3277
3.31  -7.38057 2.61226   -10.8153 -22.2166
3.32  -7.4935 2.52951   -10.7302 -22.1055
3.33  -7.60643 2.44677   -10.645 -21.9943
3.34  -7.71937 2.36403   -10.5599 -21.8832
3.35  -7.8323 2.28129   -10.4747 -21.7721
3.36  -7.94523 2.19854   -10.3896 -21.661
3.37  -8.05816 2.1158   -10.3044 -21.5498
3.38  -8.1711 2.03306   -10.2193 -21.4387
3.39  -8.28403 1.95032   -10.1341 -21.3276
3.4  -8.39696 1.86757   -10.049 -21.2164
3.41  -8.50989 1.78483   -9.96381 -21.1053
3.42  -8.62283 1.70209   -9.87866 -20.9942
3.43  -8.73576 1.61935   -9.79351 -20.8831
3.44  -8.84869 1.5366   -9.70836 -20.7719
3.45  -8.96162 1.45386   -9.62321 -20.6608
3.46  -9.07455 1.37112   -9.53806 -20.5497
3.47  -9.18749 1.28838   -9.45291 -20.4385
3.48  -9.30042 1.20563   -9.36776 -20.3274
3.49  -9.41335 1.12289   -9.28261 -20.2163
3.5  -9.52628 1.04015   -9.19746 -20.1052
3.51  -9.63922 0.957407   -9.11231 -19.994
3.52  -9.75215 0.874664   -9.02716 -19.8829
3.53  -9.86508 0.791922   -8.94201 -19.7718
3.54  -9.97801 0.709179   -8.85686 -19.6606
3.55  -10.0909 0.626437   -8.77171 -19.5495
3.56  -10.2039 0.543695   -8.68656 -19.4384
3.57  -10.3168 0.460952   -8.60141 -19.3273
3.58  -10.4297 0.37821   -8.51626 -19.2161
3.59  -10.5427 0.295467   -8.43111 -19.105
3.6  -10.6556 0.212725   -8.34596 -18.9939
3.61  -10.7685 0.129982   -8.26081 -18.8828
3.62  -10.8815 0.04724   -8.17566 -18.7716
3.63  -10.9944 -0.0355024   -8.09051 -18.6605
3.64  -11.1073 -0.118245   -8.00536 -18.5494
3.65  -11.2203 -0.200987   -7.92021 -18.4382
3.66  -11.3332 -0.28373   -7.83506 -18.3271
3.67  -11.4461 -0.366472   -7.74991 -18.216
3.68  -11.5591 -0.449215   -7.66476 -18.1049
3.69  -11.672 -0.531957   -7.57961 -17.9937
3.7  -11.7849 -0.614699   -7.49446 -17.8826
3.71  -11.8979 -0.697442   -7.40931 -17.7715
3.72  -12.0108 -0.780184   -7.32416 -17.6603
3.73  -12.1237 -0.862927   -7.23901 -17.5492
3.74  -12.2367 -0.945669   -7.15386 -17.4381
3.75  -12.3496 -1.02841   -7.06871 -17.327
3.76  -12.4625 -1.11115   -6.98356 -17.2158
3.77  -12.5755 -1.1939   -6.89841 -17.1047
3.78  -12.6884 -1.27664   -6.81326 -16.9936
3.79  -12.8013 -1.35938   -6.72811 -16.8824
3.8  -12.9143 -1.44212   -6.64296 -16.7713
3.81  -13.0272 -1.52487   -6.55781 -16.6602
3.82  -13.1401 -1.60761   -6.47266 -16.5491
3.83  -13.253 -1.69035   -6.38751 -16.4379
3.84  -13.366 -1.77309   -6.30236 -16.3268
3.85  -13.4789 -1.85584   -6.21721 -16.2157
3.86  -13.5918 -1.93858   -6.13206 -16.1045
3.87  -13.7048 -2.02132   -6.04691 -15.9934
3.88  -13.8177 -2.10406   -5.96176 -15.8823
3.89  -13.9306 -2.18681   -5.87661 -15.7712
3.9  -14.0436 -2.26955   -5.79146 -15.66
3.91  -14.1565 -2.35229   -5.70631 -15.5489
3.92  -14.2694 -2.43503   -5.62116 -15.4378
3.93  -14.3824 -2.51778   -5.53601 -15.3267
3.94  -14.4953 -2.60052   -5.45085 -15.2155
3.95  -14.6082 -2.68326   -5.3657 -15.1044
3.96  -14.7212 -2.766   -5.28055 -14.9933
3.97  -14.8341 -2.84875   -5.1954 -14.8821
3.98  -14.947 -2.93149   -5.11025 -14.771
3.99  -15.06 -3.01423   -5.0251 -14.6599
4  -15.1729 -3.09697   -4.93995 -14.5488
4.01  -15.2858 -3.17971   -4.8548 -14.4376
4.02  -15.3988 -3.26246   -4.76965 -14.3265
4.03  -15.5117 -3.3452   -4.6845 -14.2154
4.04  -15.6246 -3.42794   -4.59935 -14.1042
4.05  -15.7376 -3.51068   -4.5142 -13.9931
4.06  -15.8505 -3.59343   -4.42905 -13.882
4.07  -15.9634 -3.67617   -4.3439 -13.7709
4.08  -16.0764 -3.75891   -4.25875 -13.6597
4.09  -16.1893 -3.84165   -4.1736 -13.5486
4.1  -16.3022 -3.9244   -4.08845 -13.4375
4.11  -16.4151 -4.00714   -4.0033 -13.3263
4.12  -16.5281 -4.08988   -3.91815 -13.2152
4.13  -16.641 -4.17262   -3.833 -13.1041
4.14  -16.7539 -4.25537   -3.74785 -12.993
4.15  -16.8669 -4.33811   -3.6627 -12.8818
4.16  -16.9798 -4.42085   -3.57755 -12.7707
4.17  -17.0927 -4.50359   -3.4924 -12.6596
4.18  -17.2057 -4.58634   -3.40725 -12.5484
4.19  -17.3186 -4.66908   -3.3221 -12.4373
4.2  -17.4315 -4.75182   -3.23695 -12.3262
4.21  -17.5445 -4.83456   -3.1518 -12.2151
4.22  -17.6574 -4.91731   -3.06665 -12.1039
4.23  -17.7703 -5.00005   -2.9815 -11.9928
4.24  -17.8833 -5.08279   -2.89635 -11.8817
4.25  -17.9962 -5.16553   -2.8112 -11.7706
4.26  -18.1091 -5.24828   -2.72605 -11.6594
4.27  -18.2221 -5.33102   -2.6409 -11.5483
4.28  -18.335 -5.41376   -2.55575 -11.4372
4.29  -18.4479 -5.4965   -2.4706 -11.326
4.3  -18.5609 -5.57925   -2.38545 -11.2149
4.31  -18.6738 -5.66199   -2.3003 -11.1038
4.32  -18.7867 -5.74473   -2.21515 -10.9927
4.33  -18.8997 -5.82747   -2.13 -10.8815
4.34  -19.0126 -5.91022   -2.04485 -10.7704
4.35  -19.1255 -5.99296   -1.9597 -10.6593
4.36  -19.2385 -6.0757   -1.87455 -10.5481
4.37  -19.3514 -6.15844   -1.7894 -10.437
4.38  -19.4643 -6.24118   -1.70425 -10.3259
4.39  -19.5773 -6.32393   -1.6191 -10.2148
4.4  -19.6902 -6.40667   -1.53395 -10.1036
4.41  -19.8031 -6.48941   -1.4488 -9.9925
4.42  -19.916 -6.57215   -1.36365 -9.88137
4.43  -20.029 -6.6549   -1.2785 -9.77024
4.44  -20.1419 -6.73764   -1.19335 -9.65912
4.45  -20.2548 -6.82038   -1.1082 -9.54799
4.46  -20.3678 -6.90312   -1.02305 -9.43686
4.47  -20.4807 -6.98587   -0.937899 -9.32573
4.48  -20.5936 -7.06861   -0.852749 -9.2146
4.49  -20.7066 -7.15135   -0.767599 -9.10348
4.5  -20.8195 -7.23409   -0.682449 -8.99235
4.51  -20.9324 -7.31684   -0.597298 -8.88122
4.52  -21.0454 -7.39958   -0.512148 -8.77009
4.53  -21.1583 -7.48232   -0.426998 -8.65896
4.54  -21.2712 -7.56506   -0.341848 -8.54784
4.55  -21.3842 -7.64781   -0.256698 -8.43671
4.56  -21.4971 -7.73055   -0.171548 -8.32558
4.57  -21.61 -7.81329   -0.0863977 -8.21445
4.58  -21.723 -7.89603   -0.00124762 -8.10332
4.59  -21.8359 -7.97878   0.0839025 -7.9922
4.6  -21.9488 -8.06152   0.169053 -7.88107
4.61  -22.0618 -8.14426   0.254203 -7.76994
4.62  -22.1747 -8.227   0.339353 -7.65881
4.63  -22.2876 -8.30975   0.424503 -7.54768
4.64  -22.4006 -8.39249   0.509653 -7.43655
4.65  -22.5135 -8.47523   0.594803 -7.32543
4.66  -22.6264 -8.55797   0.679953 -7.2143
4.67  -22.7394 -8.64072   0.765103 -7.10317
4.68  -22.8523 -8.72346   0.850254 -6.99204
4.69  -22.9652 -8.8062   0.935404 -6.88091
4.7  -23.0782 -8.88894   1.02055 -6.76979
4.71  -23.1911 -8.97168   1.1057 -6.65866
4.72  -23.304 -9.05443   1.19085 -6.54753
4.73  -23.4169 -9.13717   1.276 -6.4364
4.74  -23.5299 -9.21991   1.36115 -6.32527
4.75  -23.6428 -9.30265   1.4463 -6.21415
4.76  -23.7557 -9.3854   1.53145 -6.10302
4.77  -23.8687 -9.46814   1.6166 -5.99189
4.78  -23.9816 -9.55088   1.70175 -5.88076
4.79  -24.0945 -9.63362   1.7869 -5.76963
4.8  -24.2075 -9.71637   1.87205 -5.6585
4.81  -24.3204 -9.79911   1.95721 -5.54738
4.82  -24.4333 -9.88185   2.04236 -5.43625
4.83  -24.5463 -9.96459   2.12751 -5.32512
4.84  -24.6592 -10.0473   2.21266 -5.21399
4.85  -24.7721 -10.1301   2.29781 -5.10286
4.86  -24.8851 -10.2128   2.38296 -4.99174
4.87  -24.998 -10.2956   2.46811 -4.88061
4.88  -25.1109 -10.3783   2.55326 -4.76948
4.89  -25.2239 -10.461   2.63841 -4.65835
4.9  -25.3368 -10.5438   2.72356 -4.54722
4.91  -25.4497 -10.6265   2.80871 -4.4361
4.92  -25.5627 -10.7093   2.89386 -4.32497
4.93  -25.6756 -10.792   2.97901 -4.21384
4.94  -25.7885 -10.8748   3.06416 -4.10271
4.95  -25.9015 -10.9575   3.14931 -3.99158
4.96  -26.0144 -11.0402   3.23446 -3.88045
4.97  -26.1273 -11.123   3.31961 -3.76933
4.98  -26.2403 -11.2057   3.40476 -3.6582
4.99  -26.3532 -11.2885   3.48991 -3.54707
5  -26.4661 -11.3712   3.57506 -3.43594
5.01  -26.5791 -11.454   3.66021 -3.32481
5.02  -26.692 -11.5367   3.74536 -3.21369
5.03  -26.8049 -11.6194   3.83051 -3.10256
5.04  -26.9178 -11.7022   3.91566 -2.99143
5.05  -27.0308 -11.7849   4.00081 -2.8803
5.06  -27.1437 -11.8677   4.08596 -2.76917
5.07  -27.2566 -11.9504   4.17111 -2.65805
5.08  -27.3696 -12.0332   4.25626 -2.54692
5.09  -27.4825 -12.1159   4.34141 -2.43579
5.1  -27.5954 -12.1986   4.42656 -2.32466
5.11  -27.7084 -12.2814   4.51171 -2.21353
5.12  -27.8213 -12.3641   4.59686 -2.1024
5.13  -27.9342 -12.4469   4.68201 -1.99128
5.14  -28.0472 -12.5296   4.76716 -1.88015
5.15  -28.1601 -12.6124   4.85231 -1.76902
5.16  -28.273 -12.6951   4.93746 -1.65789
5.17  -28.386 -12.7778   5.02261 -1.54676
5.18  -28.4989 -12.8606   5.10776 -1.43564
5.19  -28.6118 -12.9433   5.19291 -1.32451
5.2  -28.7248 -13.0261   5.27806 -1.21338
5.21  -28.8377 -13.1088   5.36321 -1.10225
5.22  -28.9506 -13.1915   5.44836 -0.991124
5.23  -29.0636 -13.2743   5.53351 -0.879996
5.24  -29.1765 -13.357   5.61866 -0.768868
5.25  -29.2894 -13.4398   5.70381 -0.657739
5.26  -29.4024 -13.5225   5.78896 -0.546611
5.27  -29.5153 -13.6053   5.87411 -0.435483
5.28  -29.6282 -13.688   5.95926 -0.324355
5.29  -29.7412 -13.7707   6.04441 -0.213227
5.3  -29.8541 -13.8535   6.12956 -0.102099
5.31  -29.967 -13.9362   6.21471 0.00902926
5.32  -30.08 -14.019   6.29986 0.120157
5.33  -30.1929 -14.1017   6.38501 0.231285
5.34  -30.3058 -14.1845   6.47016 0.342414
5.35  -30.4187 -14.2672   6.55531 0.453542
5.36  -30.5317 -14.3499   6.64046 0.56467
5.37  -30.6446 -14.4327   6.72561 0.675798
5.38  -30.7575 -14.5154   6.81076 0.786926
5.39  -30.8705 -14.5982   6.89591 0.898054
5.4  -30.9834 -14.6809   6.98106 1.00918
5.41  -31.0963 -14.7637   7.06621 1.12031
5.42  -31.2093 -14.8464   7.15136 1.23144
5.43  -31.3222 -14.9291   7.23651 1.34257
5.44  -31.4351 -15.0119   7.32166 1.45369
5.45  -31.5481 -15.0946   7.40681 1.56482
5.46  -31.661 -15.1774   7.49196 1.67595
5.47  -31.7739 -15.2601   7.57711 1.78708
5.48  -31.8869 -15.3429   7.66226 1.89821
5.49  -31.9998 -15.4256   7.74741 2.00934
5.5  -32.1127 -15.5083   7.83256 2.12046
5.51  -32.2257 -15.5911   7.91771 2.23159
5.52  -32.3386 -15.6738   8.00286 2.34272
5.53  -32.4515 -15.7566   8.08801 2.45385
5.54  -32.5645 -15.8393   8.17316 2.56498
5.55  -32.6774 -15.922   8.25831 2.6761
5.56  -32.7903 -16.0048   8.34346 2.78723
5.57  -32.9033 -16.0875   8.42861 2.89836
5.58  -33.0162 -16.1703   8.51376 3.00949
5.59  -33.1291 -16.253   8.59891 3.12062
5.6  -33.2421 -16.3358   8.68406 3.23174
5.61  -33.355 -16.4185   8.76921 3.34287
5.62  -33.4679 -16.5012   8.85436 3.454
5.63  -33.5808 -16.584   8.93951 3.56513
5.64  -33.6938 -16.6667   9.02466 3.67626
5.65  -33.8067 -16.7495   9.10981 3.78739
5.66  -33.9196 -16.8322   9.19496 3.89851
5.67  -34.0326 -16.915   9.28011 4.00964
5.68  -34.1455 -16.9977   9.36526 4.12077
5.69  -34.2584 -17.0804   9.45042 4.2319
5.7  -34.3714 -17.1632   9.53557 4.34303
5.71  -34.4843 -17.2459   9.62072 4.45415
5.72  -34.5972 -17.3287   9.70587 4.56528
5.73  -34.7102 -17.4114   9.79102 4.67641
5.74  -34.8231 -17.4942   9.87617 4.78754
5.75  -34.936 -17.5769   9.96132 4.89867
5.76  -35.049 -17.6596   10.0465 5.00979
5.77  -35.1619 -17.7424   10.1316 5.12092
5.78  -35.2748 -17.8251   10.2168 5.23205
5.79  -35.3878 -17.9079   10.3019 5.34318
5.8  -35.5007 -17.9906   10.3871 5.45431
5.81  -35.6136 -18.0734   10.4722 5.56544
5.82  -35.7266 -18.1561   10.5574 5.67656
5.83  -35.8395 -18.2388   10.6425 5.78769
5.84  -35.9524 -18.3216   10.7277 5.89882
5.85  -36.0654 -18.4043   10.8128 6.00995
5.86  -36.1783 -18.4871   10.898 6.12108
5.87  -36.2912 -18.5698   10.9831 6.2322
5.88  -36.4042 -18.6525   11.0683 6.34333
5.89  -36.5171 -18.7353   11.1534 6.45446
5.9  -36.63 -18.818   11.2386 6.56559
5.91  -36.743 -18.9008   11.3237 6.67672
5.92  -36.8559 -18.9835   11.4089 6.78784
5.93  -36.9688 -19.0663   11.494 6.89897
5.94  -37.0817 -19.149   11.5791 7.00998
5.95  -37.1947 -19.2317   11.6633 7.11988
5.96  -37.3076 -19.3145   11.7467 7.22868
5.97  -37.4205 -19.3972   11.8292 7.3364
5.98  -37.5335 -19.48   11.9109 7.44303
5.99  -37.6464 -19.5627   11.9918 7.5486
6  -37.7593 -19.6455   12.0719 7.65312
6.01  -37.8723 -19.7282   12.1512 7.75659
6.02  -37.9852 -19.8109   12.2296 7.85902
6.03  -38.0981 -19.8937   12.3073 7.96043
6.04  -38.2111 -19.9764   12.3843 8.06083
6.05  -38.324 -20.0592   12.4604 8.16022
6.06  -38.4369 -20.1419   12.5358 8.25861
6.07  -38.5499 -20.2247   12.6105 8.35603
6.08  -38.6628 -20.3074   12.6844 8.45247
6.09  -38.7757 -20.3901   12.7575 8.54794
6.1  -38.8887 -20.4729   12.8299 8.64246
6.11  -39.0016 -20.5556   12.9016 8.73604
6.12  -39.1145 -20.6384   12.9726 8.82868
6.13  -39.2275 -20.7211   13.0429 8.92039
6.14  -39.3404 -20.8039   13.1125 9.01119
6.15  -39.4533 -20.8866   13.1813 9.10108
6.16  -39.5663 -20.9693   13.2495 9.19007
6.17  -39.6792 -21.0521   13.317 9.27817
6.18  -39.7921 -21.1348   13.3839 9.36538
6.19  -39.9051 -21.2176   13.45 9.45173
6.2  -40.018 -21.3003   13.5155 9.53721
6.21  -40.1309 -21.383   13.5804 9.62184
6.22  -40.2439 -21.4658   13.6446 9.70562
6.23  -40.3568 -21.5485   13.7081 9.78857
6.24  -40.4697 -21.6313   13.771 9.87068
6.25  -40.5826 -21.714   13.8333 9.95197
6.26  -40.6956 -21.7968   13.895 10.0325
6.27  -40.8085 -21.8795   13.956 10.1121
6.28  -40.9214 -21.9622   14.0165 10.191
6.29  -41.0344 -22.045   14.0763 10.2691
6.3  -41.1473 -22.1277   14.1356 10.3464
6.31  -41.2602 -22.2105   14.1942 10.4229
6.32  -41.3732 -22.2932   14.2523 10.4987
6.33  -41.4861 -22.376   14.3097 10.5737
6.34  -41.599 -22.4587   14.3666 10.648
6.35  -41.712 -22.5414   14.423 10.7215
6.36  -41.8249 -22.6242   14.4787 10.7943
6.37  -41.9378 -22.7069   14.534 10.8664
6.38  -42.0508 -22.7897   14.5886 10.9377
6.39  -42.1637 -22.8724   14.6427 11.0083
6.4  -42.2766 -22.9552   14.6963 11.0782
6.41  -42.3896 -23.0379   14.7493 11.1474
6.42  -42.5025 -23.1206   14.8018 11.216
6.43  -42.6154 -23.2034   14.8538 11.2838
6.44  -42.7284 -23.2861   14.9053 11.351
6.45  -42.8413 -23.3689   14.9562 11.4175
6.46  -42.9542 -23.4516   15.0067 11.4833
6.47  -43.0672 -23.5344   15.0566 11.5485
6.48  -43.1801 -23.6171   15.106 11.613
6.49  -43.293 -23.6998   15.155 11.6768
6.5  -43.406 -23.7826   15.2034 11.7401
6.51  -43.5189 -23.8653   15.2514 11.8027
6.52  -43.6318 -23.9481   15.2989 11.8646
6.53  -43.7448 -24.0308   15.3459 11.926
6.54  -43.8577 -24.1135   15.3924 11.9867
6.55  -43.9706 -24.1963   15.4385 12.0469
6.56  -44.0835 -24.279   15.4841 12.1064
6.57  -44.1965 -24.3618   15.5293 12.1653
6.58  -44.3094 -24.4445   15.574 12.2237
6.59  -44.4223 -24.5273   15.6183 12.2814
6.6  -44.5353 -24.61   15.6621 12.3386
6.61  -44.6482 -24.6927   15.7054 12.3952
6.62  -44.7611 -24.7755   15.7484 12.4513
6.63  -44.8741 -24.8582   15.7909 12.5068
6.64  -44.987 -24.941   15.833 12.5617
6.65  -45.0999 -25.0237   15.8747 12.6161
6.66  -45.2129 -25.1065   15.9159 12.6699
6.67  -45.3258 -25.1892   15.9568 12.7232
6.68  -45.4387 -25.2719   15.9972 12.776
6.69  -45.5517 -25.3547   16.0372 12.8282
6.7  -45.6646 -25.4374   16.0769 12.88
6.71  -45.7775 -25.5202   16.1161 12.9312
6.72  -45.8905 -25.6029   16.1549 12.9819
6.73  -46.0034 -25.6857   16.1934 13.032
6.74  -46.1163 -25.7684   16.2314 13.0817
6.75  -46.2293 -25.8511   16.2691 13.1309
6.76  -46.3422 -25.9339   16.3064 13.1796
6.77  -46.4551 -26.0166   16.3434 13.2278
6.78  -46.5681 -26.0994   16.3799 13.2755
6.79  -46.681 -26.1821   16.4161 13.3228
6.8  -46.7939 -26.2649   16.452 13.3695
6.81  -46.9069 -26.3476   16.4875 13.4158
6.82  -47.0198 -26.4303   16.5226 13.4617
6.83  -47.1327 -26.5131   16.5574 13.5071
6.84  -47.2457 -26.5958   16.5918 13.552
6.85  -47.3586 -26.6786   16.6259 13.5965
6.86  -47.4715 -26.7613   16.6596 13.6405
6.87  -47.5844 -26.8441   16.693 13.6841
6.88  -47.6974 -26.9268   16.7261 13.7273
6.89  -47.8103 -27.0095   16.7588 13.77
6.9  -47.9232 -27.0923   16.7912 13.8123
6.91  -48.0362 -27.175   16.8233 13.8542
6.92  -48.1491 -27.2578   16.8551 13.8956
6.93  -48.262 -27.3405   16.8865 13.9367
6.94  -48.375 -27.4232   16.9177 13.9773
6.95  -48.4879 -27.506   16.9485 14.0175
6.96  -48.6008 -27.5887   16.979 14.0573
6.97  -48.7138 -27.6715   17.0092 14.0968
6.98  -48.8267 -27.7542   17.0391 14.1358
6.99  -48.9396 -27.837   17.0687 14.1745
7  -49.0526 -27.9197   17.098 14.2127
7.01  -49.1655 -28.0024   17.1271 14.2506
7.02  -49.2784 -28.0852   17.1558 14.2881
7.03  -49.3914 -28.1679   17.1842 14.3252
7.04  -49.5043 -28.2507   17.2124 14.3619
7.05  -49.6172 -28.3334   17.2403 14.3983
7.06  -49.7302 -28.4162   17.2679 14.4343
7.07  -49.8431 -28.4989   17.2952 14.47
7.08  -49.956 -28.5816   17.3222 14.5053
7.09  -50.069 -28.6644   17.349 14.5402
7.1  -50.1819 -28.7471   17.3755 14.5748
7.11  -50.2948 -28.8299   17.4018 14.6091
7.12  -50.4078 -28.9126   17.4278 14.643
7.13  -50.5207 -28.9954   17.4535 14.6766
7.14  -50.6336 -29.0781   17.4789 14.7098
7.15  -50.7465 -29.1608   17.5042 14.7427
7.16  -50.8595 -29.2436   17.5291 14.7753
7.17  -50.9724 -29.3263   17.5538 14.8075
7.18  -51.0853 -29.4091   17.5783 14.8395
7.19  -51.1983 -29.4918   17.6025 14.8711
7.2  -51.3112 -29.5746   17.6265 14.9023
7.21  -51.4241 -29.6573   17.6502 14.9333
7.22  -51.5371 -29.74   17.6737 14.964
7.23  -51.65 -29.8228   17.697 14.9943
7.24  -51.7629 -29.9055   17.72 15.0244
7.25  -51.8759 -29.9883   17.7428 15.0542
7.26  -51.9888 -30.071   17.7654 15.0836
7.27  -52.1017 -30.1537   17.7877 15.1128
7.28  -52.2147 -30.2365   17.8098 15.1417
7.29  -52.3276 -30.3192   17.8317 15.1702
7.3  -52.4405 -30.402   17.8534 15.1985
7.31  -52.5535 -30.4847   17.8749 15.2266
7.32  -52.6664 -30.5675   17.8961 15.2543
7.33  -52.7793 -30.6502   17.9172 15.2817
7.34  -52.8923 -30.7329   17.938 15.3089
7.35  -53.0052 -30.8157   17.9586 15.3358
7.36  -53.1181 -30.8984   17.979 15.3625
7.37  -53.2311 -30.9812   17.9993 15.3889
7.38  -53.344 -31.0639   18.0193 15.415
7.39  -53.4569 -31.1467   18.0391 15.4408
7.4  -53.5699 -31.2294   18.0587 15.4664
7.41  -53.6828 -31.3121   18.0781 15.4917
7.42  -53.7957 -31.3949   18.0973 15.5168
7.43  -53.9087 -31.4776   18.1163 15.5417
7.44  -54.0216 -31.5604   18.1352 15.5662
7.45  -54.1345 -31.6431   18.1538 15.5906
7.46  -54.2474 -31.7259   18.1723 15.6147
7.47  -54.3604 -31.8086   18.1906 15.6385
7.48  -54.4733 -31.8913   18.2087 15.6621
7.49  -54.5862 -31.9741   18.2266 15.6855
7.5  -54.6992 -32.0568   18.2443 15.7087
7.51  -54.8121 -32.1396   18.2619 15.7316
7.52  -54.925 -32.2223   18.2792 15.7543
7.53  -55.038 -32.3051   18.2964 15.7767
7.54  -55.1509 -32.3878   18.3135 15.799
7.55  -55.2638 -32.4705   18.3303 15.821
7.56  -55.3768 -32.5533   18.347 15.8428
7.57  -55.4897 -32.636   18.3636 15.8643
7.58  -55.6026 -32.7188   18.3799 15.8857
7.59  -55.7156 -32.8015   18.3961 15.9068
7.6  -55.8285 -32.8842   18.4122 15.9278
7.61  -55.9414 -32.967   18.4281 15.9485
7.62  -56.0544 -33.0497   18.4438 15.969
7.63  -56.1673 -33.1325   18.4593 15.9893
7.64  -56.2802 -33.2152   18.4747 16.0094
7.65  -56.3932 -33.298   18.49 16.0293
7.66  -56.5061 -33.3807   18.5051 16.049
7.67  -56.619 -33.4634   18.52 16.0685
7.68  -56.732 -33.5462   18.5348 16.0878
7.69  -56.8449 -33.6289   18.5495 16.107
7.7  -56.9578 -33.7117   18.564 16.1259
7.71  -57.0708 -33.7944   18.5784 16.1446
7.72  -57.1837 -33.8772   18.5926 16.1632
7.73  -57.2966 -33.9599   18.6067 16.1816
7.74  -57.4096 -34.0426   18.6206 16.1997
7.75  -57.5225 -34.1254   18.6344 16.2178
7.76  -57.6354 -34.2081   18.648 16.2356
7.77  -57.7483 -34.2909   18.6616 16.2532
7.78  -57.8613 -34.3736   18.6749 16.2707
7.79  -57.9742 -34.4564   18.6882 16.288
7.8  -58.0871 -34.5391   18.7013 16.3051
7.81  -58.2001 -34.6218   18.7143 16.322
7.82  -58.313 -34.7046   18.7272 16.3388
7.83  -58.4259 -34.7873   18.7399 16.3554
7.84  -58.5389 -34.8701   18.7525 16.3719
7.85  -58.6518 -34.9528   18.765 16.3882
7.86  -58.7647 -35.0356   18.7773 16.4043
7.87  -58.8777 -35.1183   18.7895 16.4202
7.88  -58.9906 -35.201   18.8016 16.436
7.89  -59.1035 -35.2838   18.8136 16.4517
7.9  -59.2165 -35.3665   18.8255 16.4672
7.91  -59.3294 -35.4493   18.8372 16.4825
7.92  -59.4423 -35.532   18.8489 16.4977
7.93  -59.5553 -35.6147   18.8604 16.5127
7.94  -59.6682 -35.6975   18.8718 16.5276
7.95  -59.7811 -35.7802   18.883 16.5423
7.96  -59.8933 -35.8624   18.8942 16.5569
7.97  -60.0044 -35.9438   18.9053 16.5713
7.98  -60.1143 -36.0244   18.9162 16.5856
7.99  -60.2232 -36.1041   18.9271 16.5997
8  -60.331 -36.1831   18.9378 16.6137
8.01  -60.4377 -36.2613   18.9484 16.6276
8.02  -60.5433 -36.3386   18.9589 16.6413
8.03  -60.6478 -36.4153   18.9693 16.6549
8.04  -60.7514 -36.4911   18.9796 16.6684
8.05  -60.8539 -36.5662   18.9899 16.6817
8.06  -60.9553 -36.6405   19 16.6949
8.07  -61.0558 -36.7141   19.01 16.7079
8.08  -61.1552 -36.787   19.0199 16.7208
8.09  -61.2537 -36.8591   19.0297 16.7336
8.1  -61.3511 -36.9305   19.0394 16.7463
8.11  -61.4476 -37.0012   19.049 16.7588
8.12  -61.5431 -37.0712   19.0585 16.7712
8.13  -61.6377 -37.1405   19.0679 16.7835
8.14  -61.7313 -37.2091   19.0772 16.7957
8.15  -61.824 -37.277   19.0864 16.8077
8.16  -61.9158 -37.3442   19.0956 16.8196
8.17  -62.0066 -37.4108   19.1046 16.8315
8.18  -62.0965 -37.4767   19.1136 16.8431
8.19  -62.1856 -37.5419   19.1224 16.8547
8.2  -62.2737 -37.6065   19.1312 16.8662
8.21  -62.361 -37.6704   19.1399 16.8775
8.22  -62.4474 -37.7337   19.1485 16.8887
8.23  -62.5329 -37.7964   19.157 16.8998
8.24  -62.6176 -37.8584   19.1654 16.9108
8.25  -62.7014 -37.9198   19.1738 16.9217
8.26  -62.7844 -37.9806   19.1821 16.9325
8.27  -62.8665 -38.0408   19.1902 16.9432
8.28  -62.9479 -38.1004   19.1983 16.9538
8.29  -63.0284 -38.1594   19.2063 16.9642
8.3  -63.1081 -38.2178   19.2143 16.9746
8.31  -63.187 -38.2756   19.2221 16.9848
8.32  -63.2652 -38.3329   19.2299 16.995
8.33  -63.3425 -38.3896   19.2376 17.005
8.34  -63.4191 -38.4457   19.2452 17.015
8.35  -63.4949 -38.5012   19.2528 17.0248
8.36  -63.5699 -38.5562   19.2603 17.0346
8.37  -63.6442 -38.6106   19.2677 17.0442
8.38  -63.7178 -38.6645   19.275 17.0538
8.39  -63.7906 -38.7179   19.2822 17.0633
8.4  -63.8627 -38.7707   19.2894 17.0726
8.41  -63.9341 -38.823   19.2965 17.0819
8.42  -64.0047 -38.8748   19.3036 17.0911
8.43  -64.0747 -38.926   19.3105 17.1002
8.44  -64.144 -38.9768   19.3174 17.1092
8.45  -64.2125 -39.027   19.3242 17.1181
8.46  -64.2804 -39.0767   19.331 17.1269
8.47  -64.3476 -39.126   19.3377 17.1356
8.48  -64.4141 -39.1747   19.3443 17.1443
8.49  -64.48 -39.2229   19.3509 17.1528
8.5  -64.5452 -39.2707   19.3574 17.1613
8.51  -64.6097 -39.318   19.3638 17.1697
8.52  -64.6736 -39.3648   19.3701 17.178
8.53  -64.7369 -39.4112   19.3764 17.1862
8.54  -64.7995 -39.4571   19.3827 17.1943
8.55  -64.8615 -39.5025   19.3889 17.2024
8.56  -64.9229 -39.5475   19.395 17.2104
8.57  -64.9837 -39.592   19.401 17.2183
8.58  -65.0438 -39.6361   19.407 17.2261
8.59  -65.1034 -39.6797   19.4129 17.2338
8.6  -65.1624 -39.7229   19.4188 17.2415
8.61  -65.2207 -39.7657   19.4246 17.2491
8.62  -65.2785 -39.808   19.4304 17.2566
8.63  -65.3357 -39.85   19.4361 17.264
8.64  -65.3924 -39.8915   19.4417 17.2714
8.65  -65.4485 -39.9325   19.4473 17.2787
8.66  -65.504 -39.9732   19.4528 17.2859
8.67  -65.5589 -40.0135   19.4583 17.293
8.68  -65.6134 -40.0533   19.4637 17.3001
8.69  -65.6672 -40.0928   19.4691 17.3071
8.7  -65.7205 -40.1319   19.4744 17.314
8.71  -65.7733 -40.1706   19.4796 17.3209
8.72  -65.8256 -40.2089   19.4848 17.3277
8.73  -65.8774 -40.2468   19.49 17.3344
8.74  -65.9286 -40.2843   19.4951 17.341
8.75  -65.9793 -40.3215   19.5001 17.3476
8.76  -66.0295 -40.3582   19.5051 17.3542
8.77  -66.0792 -40.3947   19.5101 17.3606
8.78  -66.1284 -40.4307   19.515 17.367
8.79  -66.1771 -40.4664   19.5198 17.3733
8.8  -66.2254 -40.5017   19.5246 17.3796
8.81  -66.2731 -40.5367   19.5294 17.3858
8.82  -66.3204 -40.5714   19.5341 17.392
8.83  -66.3672 -40.6056   19.5388 17.398
8.84  -66.4135 -40.6396   19.5434 17.4041
8.85  -66.4594 -40.6732   19.5479 17.41
8.86  -66.5048 -40.7065   19.5525 17.4159
8.87  -66.5497 -40.7394   19.5569 17.4218
8.88  -66.5942 -40.772   19.5614 17.4275
8.89  -66.6383 -40.8043   19.5657 17.4333
8.9  -66.6819 -40.8362   19.5701 17.4389
8.91  -66.7251 -40.8679   19.5744 17.4445
8.92  -66.7678 -40.8992   19.5786 17.4501
8.93  -66.8102 -40.9302   19.5829 17.4556
8.94  -66.8521 -40.9609   19.587 17.461
8.95  -66.8935 -40.9913   19.5912 17.4664
8.96  -66.9346 -41.0214   19.5952 17.4718
8.97  -66.9752 -41.0512   19.5993 17.477
8.98  -67.0155 -41.0807   19.6033 17.4823
8.99  -67.0553 -41.1099   19.6073 17.4875
9  -67.0948 -41.1388   19.6112 17.4926
9.01  -67.1338 -41.1674   19.6151 17.4977
9.02  -67.1725 -41.1957   19.6189 17.5027
9.03  -67.2108 -41.2237   19.6227 17.5077
9.04  -67.2487 -41.2515   19.6265 17.5126
9.05  -67.2862 -41.279   19.6303 17.5174
9.06  -67.3233 -41.3062   19.634 17.5223
9.07  -67.3601 -41.3331   19.6376 17.5271
9.08  -67.3965 -41.3598   19.6412 17.5318
9.09  -67.4325 -41.3862   19.6448 17.5365
9.1  -67.4682 -41.4123   19.6484 17.5411
9.11  -67.5035 -41.4382   19.6519 17.5457
9.12  -67.5385 -41.4638   19.6554 17.5502
9.13  -67.5731 -41.4892   19.6588 17.5547
9.14  -67.6074 -41.5143   19.6622 17.5592
9.15  -67.6413 -41.5392   19.6656 17.5636
9.16  -67.6749 -41.5638   19.669 17.568
9.17  -67.7081 -41.5881   19.6723 17.5723
9.18  -67.741 -41.6123   19.6755 17.5766
9.19  -67.7736 -41.6361   19.6788 17.5808
9.2  -67.8059 -41.6598   19.682 17.585
9.21  -67.8378 -41.6832   19.6852 17.5891
9.22  -67.8695 -41.7063   19.6883 17.5932
9.23  -67.9008 -41.7293   19.6914 17.5973
9.24  -67.9318 -41.752   19.6945 17.6013
9.25  -67.9624 -41.7745   19.6976 17.6053
9.26  -67.9928 -41.7967   19.7006 17.6093
9.27  -68.0229 -41.8188   19.7036 17.6132
9.28  -68.0527 -41.8406   19.7066 17.617
9.29  -68.0821 -41.8622   19.7095 17.6209
9.3  -68.1113 -41.8835   19.7124 17.6247
9.31  -68.1402 -41.9047   19.7153 17.6284
9.32  -68.1688 -41.9257   19.7181 17.6321
9.33  -68.1971 -41.9464   19.7209 17.6358
9.34  -68.2251 -41.9669   19.7237 17.6395
9.35  -68.2529 -41.9873   19.7265 17.6431
9.36  -68.2804 -42.0074   19.7292 17.6466
9.37  -68.3076 -42.0273   19.7319 17.6502
9.38  -68.3345 -42.047   19.7346 17.6537
9.39  -68.3611 -42.0666   19.7373 17.6571
9.4  -68.3875 -42.0859   19.7399 17.6606
9.41  -68.4136 -42.105   19.7425 17.6639
9.42  -68.4395 -42.124   19.7451 17.6673
9.43  -68.4651 -42.1428   19.7476 17.6706
9.44  -68.4905 -42.1613   19.7502 17.6739
9.45  -68.5156 -42.1797   19.7526 17.6772
9.46  -68.5404 -42.1979   19.7551 17.6804
9.47  -68.565 -42.2159   19.7576 17.6836
9.48  -68.5894 -42.2338   19.76 17.6868
9.49  -68.6135 -42.2514   19.7624 17.6899
9.5  -68.6373 -42.2689   19.7648 17.693
9.51  -68.6609 -42.2862   19.7671 17.6961
9.52  -68.6843 -42.3034   19.7695 17.6991
9.53  -68.7075 -42.3203   19.7718 17.7021
9.54  -68.7304 -42.3371   19.774 17.7051
9.55  -68.7531 -42.3538   19.7763 17.7081
9.56  -68.7756 -42.3702   19.7785 17.711
9.57  -68.7978 -42.3865   19.7808 17.7139
9.58  -68.8199 -42.4027   19.7829 17.7167
9.59  -68.8417 -42.4186   19.7851 17.7196
9.6  -68.8632 -42.4345   19.7873 17.7224
9.61  -68.8846 -42.4501   19.7894 17.7251
9.62  -68.9058 -42.4656   19.7915 17.7279
9.63  -68.9267 -42.4809   19.7936 17.7306
9.64  -68.9474 -42.4961   19.7956 17.7333
9.65  -68.968 -42.5112   19.7977 17.736
9.66  -68.9883 -42.5261   19.7997 17.7386
9.67  -69.0084 -42.5408   19.8017 17.7412
9.68  -69.0283 -42.5554   19.8037 17.7438
9.69  -69.048 -42.5698   19.8057 17.7464
9.7  -69.0676 -42.5841   19.8076 17.7489
9.71  -69.0869 -42.5983   19.8095 17.7514
9.72  -69.106 -42.6123   19.8114 17.7539
9.73  -69.1249 -42.6262   19.8133 17.7564
9.74  -69.1437 -42.6399   19.8152 17.7588
9.75  -69.1623 -42.6535   19.817 17.7612
9.76  -69.1806 -42.667   19.8189 17.7636
9.77  -69.1988 -42.6803   19.8207 17.766
9.78  -69.2168 -42.6935   19.8225 17.7683
9.79  -69.2347 -42.7066   19.8242 17.7706
9.8  -69.2523 -42.7195   19.826 17.7729
9.81  -69.2698 -42.7323   19.8277 17.7752
9.82  -69.2871 -42.745   19.8295 17.7774
9.83  -69.3042 -42.7576   19.8312 17.7797
9.84  -69.3212 -42.77   19.8329 17.7819
9.85  -69.338 -42.7823   19.8345 17.784
9.86  -69.3546 -42.7945   19.8362 17.7862
9.87  -69.3711 -42.8065   19.8378 17.7883
9.88  -69.3873 -42.8185   19.8394 17.7905
9.89  -69.4035 -42.8303   19.841 17.7926
9.9  -69.4194 -42.842   19.8426 17.7946
9.91  -69.4352 -42.8535   19.8442 17.7967
9.92  -69.4509 -42.865   19.8458 17.7987
9.93  -69.4664 -42.8764   19.8473 17.8007
9.94  -69.4817 -42.8876   19.8488 17.8027
9.95  -69.4969 -42.8987   19.8504 17.8047
9.96  -69.5119 -42.9097   19.8518 17.8066
9.97  -69.5268 -42.9206   19.8533 17.8086
9.98  -69.5415 -42.9314   19.8548 17.8105
9.99  -69.5561 -42.9421   19.8562 17.8124
10  -69.5706 -42.9527   19.8577 17.8143
10.01  -69.5849 -42.9632   19.8591 17.8161
10.02  -69.599 -42.9735   19.8605 17.818
10.03  -69.613 -42.9838   19.8619 17.8198
10.04  -69.6269 -42.994   19.8633 17.8216
10.05  -69.6406 -43.004   19.8647 17.8234
10.06  -69.6542 -43.014   19.866 17.8251
10.07  -69.6677 -43.0238   19.8674 17.8269
10.08  -69.681 -43.0336   19.8687 17.8286
10.09  -69.6942 -43.0433   19.87 17.8303
10.1  -69.7072 -43.0528   19.8713 17.832
10.11  -69.7202 -43.0623   19.8726 17.8337
10.12  -69.733 -43.0717   19.8739 17.8354
10.13  -69.7456 -43.081   19.8751 17.837
10.14  -69.7582 -43.0902   19.8764 17.8386
10.15  -69.7706 -43.0993   19.8776 17.8403
10.16  -69.7829 -43.1083   19.8788 17.8419
10.17  -69.7951 -43.1172   19.88 17.8434
10.18  -69.8071 -43.126   19.8812 17.845
10.19  -69.819 -43.1347   19.8824 17.8466
10.2  -69.8309 -43.1434   19.8836 17.8481
10.21  -69.8425 -43.152   19.8848 17.8496
10.22  -69.8541 -43.1604   19.8859 17.8511
10.23  -69.8656 -43.1688   19.8871 17.8526
10.24  -69.8769 -43.1772   19.8882 17.8541
10.25  -69.8882 -43.1854   19.8893 17.8555
10.26  -69.8993 -43.1935   19.8904 17.857
10.27  -69.9103 -43.2016   19.8915 17.8584
10.28  -69.9212 -43.2096   19.8926 17.8598
10.29  -69.932 -43.2175   19.8937 17.8612
10.3  -69.9426 -43.2253   19.8947 17.8626
10.31  -69.9532 -43.2331   19.8958 17.864
10.32  -69.9637 -43.2407   19.8968 17.8653
10.33  -69.9741 -43.2483   19.8979 17.8667
10.34  -69.9843 -43.2558   19.8989 17.868
10.35  -69.9945 -43.2633   19.8999 17.8693
10.36  -70.0045 -43.2706   19.9009 17.8707
10.37  -70.0145 -43.2779   19.9019 17.8719
10.38  -70.0243 -43.2852   19.9029 17.8732
10.39  -70.0341 -43.2923   19.9038 17.8745
10.4  -70.0437 -43.2994   19.9048 17.8758
10.41  -70.0533 -43.3064   19.9057 17.877
10.42  -70.0628 -43.3133   19.9067 17.8782
10.43  -70.0722 -43.3202   19.9076 17.8794
10.44  -70.0814 -43.327   19.9085 17.8806
10.45  -70.0906 -43.3337   19.9095 17.8818
10.46  -70.0997 -43.3404   19.9104 17.883
10.47  -70.1087 -43.347   19.9113 17.8842
10.48  -70.1176 -43.3535   19.9122 17.8853
10.49  -70.1264 -43.36   19.913 17.8865
10.5  -70.1352 -43.3664   19.9139 17.8876
10.51  -70.1438 -43.3727   19.9148 17.8888
10.52  -70.1524 -43.379   19.9156 17.8899
10.53  -70.1609 -43.3852   19.9165 17.891
10.54  -70.1693 -43.3913   19.9173 17.8921
10.55  -70.1776 -43.3974   19.9181 17.8931
10.56  -70.1858 -43.4035   19.9189 17.8942
10.57  -70.1939 -43.4094   19.9197 17.8953
10.58  -70.202 -43.4153   19.9206 17.8963
10.59  -70.21 -43.4212   19.9213 17.8973
10.6  -70.2179 -43.427   19.9221 17.8984
10.61  -70.2257 -43.4327   19.9229 17.8994
10.62  -70.2334 -43.4384   19.9237 17.9004
10.63  -70.2411 -43.444   19.9244 17.9014
10.64  -70.2487 -43.4495   19.9252 17.9024
10.65  -70.2562 -43.455   19.9259 17.9034
10.66  -70.2636 -43.4605   19.9267 17.9043
10.67  -70.271 -43.4659   19.9274 17.9053
10.68  -70.2783 -43.4712   19.9281 17.9062
10.69  -70.2855 -43.4765   19.9289 17.9072
10.7  -70.2927 -43.4818   19.9296 17.9081
10.71  -70.2997 -43.4869   19.9303 17.909
10.72  -70.3067 -43.4921   19.931 17.9099
10.73  -70.3137 -43.4971   19.9317 17.9108
10.74  -70.3205 -43.5022   19.9324 17.9117
10.75  -70.3273 -43.5072   19.933 17.9126
10.76  -70.3341 -43.5121   19.9337 17.9135
10.77  -70.3407 -43.517   19.9344 17.9143
10.78  -70.3473 -43.5218   19.935 17.9152
10.79  -70.3538 -43.5266   19.9357 17.916
10.8  -70.3603 -43.5313   19.9363 17.9169
10.81  -70.3667 -43.536   19.9369 17.9177
10.82  -70.373 -43.5406   19.9376 17.9185
10.83  -70.3793 -43.5452   19.9382 17.9193
10.84  -70.3855 -43.5498   19.9388 17.9202
10.85  -70.3916 -43.5543   19.9394 17.921
10.86  -70.3977 -43.5587   19.94 17.9217
10.87  -70.4038 -43.5631   19.9406 17.9225
10.88  -70.4097 -43.5675   19.9412 17.9233
10.89  -70.4156 -43.5718   19.9418 17.9241
10.9  -70.4215 -43.5761   19.9424 17.9248
10.91  -70.4272 -43.5804   19.943 17.9256
10.92  -70.433 -43.5846   19.9435 17.9263
10.93  -70.4386 -43.5887   19.9441 17.9271
10.94  -70.4443 -43.5928   19.9447 17.9278
10.95  -70.4498 -43.5969   19.9452 17.9285
10.96  -70.4553 -43.6009   19.9458 17.9292
10.97  -70.4608 -43.6049   19.9463 17.9299
10.98  -70.4662 -43.6089   19.9469 17.9306
10.99  -70.4715 -43.6128   19.9474 17.9313
11  -70.4768 -43.6167   19.9479 17.932
11.01  -70.482 -43.6205   19.9484 17.9327
11.02  -70.4872 -43.6243   19.9489 17.9334
11.03  -70.4923 -43.628   19.9495 17.934
11.04  -70.4974 -43.6318   19.95 17.9347
11.05  -70.5024 -43.6354   19.9505 17.9353
11.06  -70.5074 -43.6391   19.951 17.936
11.07  -70.5123 -43.6427   19.9514 17.9366
11.08  -70.5172 -43.6463   19.9519 17.9373
11.09  -70.522 -43.6498   19.9524 17.9379
11.1  -70.5268 -43.6533   19.9529 17.9385
11.11  -70.5315 -43.6568   19.9534 17.9391
11.12  -70.5362 -43.6602   19.9538 17.9397
11.13  -70.5409 -43.6636   19.9543 17.9403
11.14  -70.5455 -43.667   19.9547 17.9409
11.15  -70.55 -43.6703   19.9552 17.9415
11.16  -70.5545 -43.6736   19.9556 17.9421
11.17  -70.559 -43.6769   19.9561 17.9427
11.18  -70.5634 -43.6801   19.9565 17.9433
11.19  -70.5677 -43.6833   19.957 17.9438
11.2  -70.5721 -43.6865   19.9574 17.9444
11.21  -70.5763 -43.6896   19.9578 17.945
11.22  -70.5806 -43.6927   19.9582 17.9455
11.23  -70.5848 -43.6958   19.9587 17.946
11.24  -70.5889 -43.6988   19.9591 17.9466
11.25  -70.593 -43.7018   19.9595 17.9471
11.26  -70.5971 -43.7048   19.9599 17.9476
11.27  -70.6011 -43.7078   19.9603 17.9482
11.28  -70.6051 -43.7107   19.9607 17.9487
11.29  -70.6091 -43.7136   19.9611 17.9492
11.3  -70.613 -43.7164   19.9615 17.9497
11.31  -70.6168 -43.7193   19.9619 17.9502
11.32  -70.6207 -43.7221   19.9622 17.9507
11.33  -70.6245 -43.7249   19.9626 17.9512
11.34  -70.6282 -43.7276   19.963 17.9517
11.35  -70.6319 -43.7303   19.9634 17.9522
11.36  -70.6356 -43.733   19.9637 17.9527
11.37  -70.6393 -43.7357   19.9641 17.9531
11.38  -70.6429 -43.7383   19.9644 17.9536
11.39  -70.6464 -43.741   19.9648 17.9541
11.4  -70.65 -43.7436   19.9652 17.9545
11.41  -70.6535 -43.7461   19.9655 17.955
11.42  -70.6569 -43.7487   19.9658 17.9554
11.43  -70.6604 -43.7512   19.9662 17.9559
11.44  -70.6638 -43.7537   19.9665 17.9563
11.45  -70.6671 -43.7561   19.9669 17.9567
11.46  -70.6705 -43.7586   19.9672 17.9572
11.47  -70.6738 -43.761   19.9675 17.9576
11.48  -70.677 -43.7634   19.9678 17.958
11.49  -70.6803 -43.7657   19.9682 17.9585
11.5  -70.6834 -43.7681   19.9685 17.9589
11.51  -70.6866 -43.7704   19.9688 17.9593
11.52  -70.6897 -43.7727   19.9691 17.9597
11.53  -70.6929 -43.775   19.9694 17.9601
11.54  -70.6959 -43.7772   19.9697 17.9605
11.55  -70.699 -43.7794   19.97 17.9609
11.56  -70.702 -43.7816   19.9703 17.9613
11.57  -70.705 -43.7838   19.9706 17.9617
11.58  -70.7079 -43.786   19.9709 17.962
11.59  -70.7108 -43.7881   19.9712 17.9624
11.6  -70.7137 -43.7902   19.9715 17.9628
11.61  -70.7166 -43.7923   19.9718 17.9632
11.62  -70.7194 -43.7944   19.9721 17.9635
11.63  -70.7222 -43.7965   19.9723 17.9639
11.64  -70.725 -43.7985   19.9726 17.9643
11.65  -70.7277 -43.8005   19.9729 17.9646
11.66  -70.7305 -43.8025   19.9732 17.965
11.67  -70.7332 -43.8045   19.9734 17.9653
11.68  -70.7358 -43.8065   19.9737 17.9657
11.69  -70.7385 -43.8084   19.974 17.966
11.7  -70.7411 -43.8103   19.9742 17.9664
11.71  -70.7437 -43.8122   19.9745 17.9667
11.72  -70.7462 -43.8141   19.9747 17.967
11.73  -70.7488 -43.8159   19.975 17.9674
11.74  -70.7513 -43.8178   19.9752 17.9677
11.75  -70.7538 -43.8196   19.9755 17.968
11.76  -70.7562 -43.8214   19.9757 17.9683
11.77  -70.7587 -43.8232   19.976 17.9686
11.78  -70.7611 -43.825   19.9762 17.969
11.79  -70.7635 -43.8267   19.9765 17.9693
11.8  -70.7658 -43.8284   19.9767 17.9696
11.81  -70.7682 -43.8302   19.9769 17.9699
11.82  -70.7705 -43.8319   19.9772 17.9702
11.83  -70.7728 -43.8335   19.9774 17.9705
11.84  -70.7751 -43.8352   19.9776 17.9708
11.85  -70.7773 -43.8369   19.9778 17.9711
11.86  -70.7795 -43.8385   19.9781 17.9714
11.87  -70.7818 -43.8401   19.9783 17.9716
11.88  -70.7839 -43.8417   19.9785 17.9719
11.89  -70.7861 -43.8433   19.9787 17.9722
11.9  -70.7882 -43.8448   19.9789 17.9725
11.91  -70.7904 -43.8464   19.9791 17.9728
11.92  -70.7925 -43.8479   19.9793 17.973
11.93  -70.7945 -43.8495   19.9795 17.9733
11.94  -70.7966 -43.851   19.9797 17.9736
11.95  -70.7986 -43.8525   19.98 17.9738
11.96  -70.8006 -43.8539   19.9802 17.9741
11.97  -70.8026 -43.8554   19.9803 17.9744
11.98  -70.8046 -43.8568   19.9805 17.9746
11.99  -70.8066 -43.8583   19.9807 17.9749
12  -70.8085 -43.8597   19.9809 17.9751
12.01  -70.8104 -43.8611   19.9811 17.9754
12.02  -70.8123 -43.8625   19.9813 17.9756
12.03  -70.8142 -43.8638   19.9815 17.9759
12.04  -70.816 -43.8652   19.9817 17.9761
12.05  -70.8179 -43.8666   19.9819 17.9763
12.06  -70.8197 -43.8679   19.982 17.9766
12.07  -70.8215 -43.8692   19.9822 17.9768
12.08  -70.8233 -43.8705   19.9824 17.977
12.09  -70.825 -43.8718   19.9826 17.9773
12.1  -70.8268 -43.8731   19.9828 17.9775
12.11  -70.8285 -43.8744   19.9829 17.9777
12.12  -70.8302 -43.8756   19.9831 17.9779
12.13  -70.8319 -43.8769   19.9833 17.9782
12.14  -70.8336 -43.8781   19.9834 17.9784
12.15  -70.8353 -43.8793   19.9836 17.9786
12.16  -70.8369 -43.8805   19.9838 17.9788
12.17  -70.8386 -43.8817   19.9839 17.979
12.18  -70.8402 -43.8829   19.9841 17.9792
12.19  -70.8418 -43.8841   19.9842 17.9794
12.2  -70.8434 -43.8852   19.9844 17.9796
12.21  -70.8449 -43.8864   19.9846 17.9799
12.22  -70.8465 -43.8875   19.9847 17.9801
12.23  -70.848 -43.8886   19.9849 17.9803
12.24  -70.8495 -43.8898   19.985 17.9804
12.25  -70.851 -43.8909   19.9852 17.9806
12.26  -70.8525 -43.8919   19.9853 17.9808
12.27  -70.854 -43.893   19.9855 17.981
12.28  -70.8555 -43.8941   19.9856 17.9812
12.29  -70.8569 -43.8952   19.9858 17.9814
12.3  -70.8583 -43.8962   19.9859 17.9816
12.31  -70.8598 -43.8972   19.986 17.9818
12.32  -70.8612 -43.8983   19.9862 17.982
12.33  -70.8625 -43.8993   19.9863 17.9821
12.34  -70.8639 -43.9003   19.9865 17.9823
12.35  -70.8653 -43.9013   19.9866 17.9825
12.36  -70.8666 -43.9023   19.9867 17.9827
12.37  -70.868 -43.9033   19.9869 17.9828
12.38  -70.8693 -43.9042   19.987 17.983
12.39  -70.8706 -43.9052   19.9871 17.9832
12.4  -70.8719 -43.9061   19.9872 17.9834
12.41  -70.8732 -43.9071   19.9874 17.9835
12.42  -70.8744 -43.908   19.9875 17.9837
12.43  -70.8757 -43.9089   19.9876 17.9838
12.44  -70.8769 -43.9098   19.9877 17.984
12.45  -70.8782 -43.9107   19.9879 17.9842
12.46  -70.8794 -43.9116   19.988 17.9843
12.47  -70.8806 -43.9125   19.9881 17.9845
12.48  -70.8818 -43.9134   19.9882 17.9846
12.49  -70.883 -43.9142   19.9883 17.9848
12.5  -70.8841 -43.9151   19.9885 17.9849
12.51  -70.8853 -43.916   19.9886 17.9851
12.52  -70.8864 -43.9168   19.9887 17.9852
12.53  -70.8876 -43.9176   19.9888 17.9854
12.54  -70.8887 -43.9185   19.9889 17.9855
12.55  -70.8898 -43.9193   19.989 17.9857
12.56  -70.8909 -43.9201   19.9891 17.9858
12.57  -70.892 -43.9209   19.9892 17.986
12.58  -70.8931 -43.9217   19.9894 17.9861
12.59  -70.8942 -43.9224   19.9895 17.9862
12.6  -70.8952 -43.9232   19.9896 17.9864
12.61  -70.8963 -43.924   19.9897 17.9865
12.62  -70.8973 -43.9248   19.9898 17.9867
12.63  -70.8983 -43.9255   19.9899 17.9868
12.64  -70.8993 -43.9262   19.99 17.9869
12.65  -70.9003 -43.927   19.9901 17.9871
12.66  -70.9013 -43.9277   19.9902 17.9872
12.67  -70.9023 -43.9284   19.9903 17.9873
12.68  -70.9033 -43.9292   19.9904 17.9874
12.69  -70.9043 -43.9299   19.9905 17.9876
12.7  -70.9052 -43.9306   19.9906 17.9877
12.71  -70.9062 -43.9313   19.9907 17.9878
12.72  -70.9071 -43.9319   19.9908 17.9879
12.73  -70.908 -43.9326   19.9908 17.9881
12.74  -70.909 -43.9333   19.9909 17.9882
12.75  -70.9099 -43.934   19.991 17.9883
12.76  -70.9108 -43.9346   19.9911 17.9884
12.77  -70.9117 -43.9353   19.9912 17.9885
12.78  -70.9126 -43.9359   19.9913 17.9886
12.79  -70.9134 -43.9366   19.9914 17.9888
12.8  -70.9143 -43.9372   19.9915 17.9889
12.81  -70.9151 -43.9378   19.9916 17.989
12.82  -70.916 -43.9385   19.9916 17.9891
12.83  -70.9168 -43.9391   19.9917 17.9892
12.84  -70.9177 -43.9397   19.9918 17.9893
12.85  -70.9185 -43.9403   19.9919 17.9894
12.86  -70.9193 -43.9409   19.992 17.9895
12.87  -70.9201 -43.9415   19.992 17.9896
