-60.0 -59.0 5 18
60.0 60.0 2 15
0.01  59.8722 59.8733   -59.893 -57.8948
0.02  59.7444 59.7465   -59.7861 -57.7897
0.03  59.6166 59.6198   -59.6791 -57.6845
0.04  59.4888 59.493   -59.5722 -57.5793
0.05  59.3609 59.3663   -59.4652 -57.4741
0.06  59.2331 59.2395   -59.3583 -57.369
0.07  59.1053 59.1128   -59.2513 -57.2638
0.08  58.9775 58.986   -59.1444 -57.1586
0.09  58.8497 58.8593   -59.0374 -57.0535
0.1  58.7219 58.7325   -58.9305 -56.9483
0.11  58.5941 58.6058   -58.8235 -56.8431
0.12  58.4663 58.4791   -58.7166 -56.7379
0.13  58.3385 58.3523   -58.6096 -56.6328
0.14  58.2107 58.2256   -58.5027 -56.5276
0.15  58.0828 58.0988   -58.3957 -56.4224
0.16  57.955 57.9721   -58.2887 -56.3173
0.17  57.8272 57.8453   -58.1818 -56.2121
0.18  57.6994 57.7186   -58.0748 -56.1069
0.19  57.5716 57.5918   -57.9679 -56.0018
0.2  57.4438 57.4651   -57.8609 -55.8966
0.21  57.316 57.3383   -57.754 -55.7914
0.22  57.1882 57.2116   -57.647 -55.6862
0.23  57.0604 57.0849   -57.5401 -55.5811
0.24  56.9325 56.9581   -57.4331 -55.4759
0.25  56.8047 56.8314   -57.3262 -55.3707
0.26  56.6769 56.7046   -57.2192 -55.2656
0.27  56.5491 56.5779   -57.1123 -55.1604
0.28  56.4213 56.4511   -57.0053 -55.0552
0.29  56.2935 56.3244   -56.8983 -54.95
0.3  56.1657 56.1976   -56.7914 -54.8449
0.31  56.0379 56.0709   -56.6844 -54.7397
0.32  55.9101 55.9441   -56.5775 -54.6345
0.33  55.7822 55.8174   -56.4705 -54.5294
0.34  55.6544 55.6907   -56.3636 -54.4242
0.35  55.5266 55.5639   -56.2566 -54.319
0.36  55.3988 55.4372   -56.1497 -54.2138
0.37  55.271 55.3104   -56.0427 -54.1087
0.38  55.1432 55.1837   -55.9358 -54.0035
0.39  55.0154 55.0569   -55.8288 -53.8983
0.4  54.8876 54.9302   -55.7219 -53.7932
0.41  54.7598 54.8034   -55.6149 -53.688
0.42  54.632 54.6767   -55.508 -53.5828
0.43  54.5041 54.5499   -55.401 -53.4776
0.44  54.3763 54.4232   -55.294 -53.3725
0.45  54.2485 54.2964   -55.1871 -53.2673
0.46  54.1207 54.1697   -55.0801 -53.1621
0.47  53.9929 54.043   -54.9732 -53.057
0.48  53.8651 53.9162   -54.8662 -52.9518
0.49  53.7373 53.7895   -54.7593 -52.8466
0.5  53.6095 53.6627   -54.6523 -52.7415
0.51  53.4817 53.536   -54.5454 -52.6363
0.52  53.3538 53.4092   -54.4384 -52.5311
0.53  53.226 53.2825   -54.3315 -52.4259
0.54  53.0982 53.1557   -54.2245 -52.3208
0.55  52.9704 53.029   -54.1176 -52.2156
0.56  52.8426 52.9022   -54.0106 -52.1104
0.57  52.7148 52.7755   -53.9036 -52.0053
0.58  52.587 52.6488   -53.7967 -51.9001
0.59  52.4592 52.522   -53.6897 -51.7949
0.6  52.3314 52.3953   -53.5828 -51.6897
0.61  52.2036 52.2685   -53.4758 -51.5846
0.62  52.0757 52.1418   -53.3689 -51.4794
0.63  51.9479 52.015   -53.2619 -51.3742
0.64  51.8201 51.8883   -53.155 -51.2691
0.65  51.6923 51.7615   -53.048 -51.1639
0.66  51.5645 51.6348   -52.9411 -51.0587
0.67  51.4367 51.508   -52.8341 -50.9535
0.68  51.3089 51.3813   -52.7272 -50.8484
0.69  51.1811 51.2546   -52.6202 -50.7432
0.7  51.0533 51.1278   -52.5133 -50.638
0.71  50.9254 51.0011   -52.4063 -50.5329
0.72  50.7976 50.8743   -52.2993 -50.4277
0.73  50.6698 50.7476   -52.1924 -50.3225
0.74  50.542 50.6208   -52.0854 -50.2173
0.75  50.4142 50.4941   -51.9785 -50.1122
0.76  50.2864 50.3673   -51.8715 -50.007
0.77  50.1586 50.2406   -51.7646 -49.9018
0.78  50.0308 50.1138   -51.6576 -49.7967
0.79  49.903 49.9871   -51.5507 -49.6915
0.8  49.7751 49.8604   -51.4437 -49.5863
0.81  49.6473 49.7336   -51.3368 -49.4811
0.82  49.5195 49.6069   -51.2298 -49.376
0.83  49.3917 49.4801   -51.1229 -49.2708
0.84  49.2639 49.3534   -51.0159 -49.1656
0.85  49.1361 49.2266   -50.9089 -49.0605
0.86  49.0083 49.0999   -50.802 -48.9553
0.87  48.8805 48.9731   -50.695 -48.8501
0.88  48.7527 48.8464   -50.5881 -48.745
0.89  48.6249 48.7196   -50.4811 -48.6398
0.9  48.497 48.5929   -50.3742 -48.5346
0.91  48.3692 48.4662   -50.2672 -48.4294
0.92  48.2414 48.3394   -50.1603 -48.3243
0.93  48.1136 48.2127   -50.0533 -48.2191
0.94  47.9858 48.0859   -49.9464 -48.1139
0.95  47.858 47.9592   -49.8394 -48.0088
0.96  47.7302 47.8324   -49.7325 -47.9036
0.97  47.6024 47.7057   -49.6255 -47.7984
0.98  47.4746 47.5789   -49.5186 -47.6932
0.99  47.3467 47.4522   -49.4116 -47.5881
1  47.2189 47.3254   -49.3046 -47.4829
1.01  47.0911 47.1987   -49.1977 -47.3777
1.02  46.9633 47.072   -49.0907 -47.2726
1.03  46.8355 46.9452   -48.9838 -47.1674
1.04  46.7077 46.8185   -48.8768 -47.0622
1.05  46.5799 46.6917   -48.7699 -46.957
1.06  46.4521 46.565   -48.6629 -46.8519
1.07  46.3243 46.4382   -48.556 -46.7467
1.08  46.1964 46.3115   -48.449 -46.6415
1.09  46.0686 46.1847   -48.3421 -46.5364
1.1  45.9408 46.058   -48.2351 -46.4312
1.11  45.813 45.9312   -48.1282 -46.326
1.12  45.6852 45.8045   -48.0212 -46.2208
1.13  45.5574 45.6778   -47.9142 -46.1157
1.14  45.4296 45.551   -47.8073 -46.0105
1.15  45.3018 45.4243   -47.7003 -45.9053
1.16  45.174 45.2975   -47.5934 -45.8002
1.17  45.0462 45.1708   -47.4864 -45.695
1.18  44.9183 45.044   -47.3795 -45.5898
1.19  44.7905 44.9173   -47.2725 -45.4847
1.2  44.6627 44.7905   -47.1656 -45.3795
1.21  44.5349 44.6638   -47.0586 -45.2743
1.22  44.4071 44.537   -46.9517 -45.1691
1.23  44.2793 44.4103   -46.8447 -45.064
1.24  44.1515 44.2836   -46.7378 -44.9588
1.25  44.0237 44.1568   -46.6308 -44.8536
1.26  43.8959 44.0301   -46.5239 -44.7485
1.27  43.768 43.9033   -46.4169 -44.6433
1.28  43.6402 43.7766   -46.3099 -44.5381
1.29  43.5124 43.6498   -46.203 -44.4329
1.3  43.3846 43.5231   -46.096 -44.3278
1.31  43.2568 43.3963   -45.9891 -44.2226
1.32  43.129 43.2696   -45.8821 -44.1174
1.33  43.0012 43.1428   -45.7752 -44.0123
1.34  42.8734 43.0161   -45.6682 -43.9071
1.35  42.7456 42.8893   -45.5613 -43.8019
1.36  42.6178 42.7626   -45.4543 -43.6967
1.37  42.4899 42.6359   -45.3474 -43.5916
1.38  42.3621 42.5091   -45.2404 -43.4864
1.39  42.2343 42.3824   -45.1335 -43.3812
1.4  42.1065 42.2556   -45.0265 -43.2761
1.41  41.9787 42.1289   -44.9195 -43.1709
1.42  41.8509 42.0021   -44.8126 -43.0657
1.43  41.7231 41.8754   -44.7056 -42.9605
1.44  41.5953 41.7486   -44.5987 -42.8554
1.45  41.4675 41.6219   -44.4917 -42.7502
1.46  41.3396 41.4951   -44.3848 -42.645
1.47  41.2118 41.3684   -44.2778 -42.5399
1.48  41.084 41.2417   -44.1709 -42.4347
1.49  40.9562 41.1149   -44.0639 -42.3295
1.5  40.8284 40.9882   -43.957 -42.2244
1.51  40.7006 40.8614   -43.85 -42.1192
1.52  40.5728 40.7347   -43.7431 -42.014
1.53  40.445 40.6079   -43.6361 -41.9088
1.54  40.3172 40.4812   -43.5292 -41.8037
1.55  40.1893 40.3544   -43.4222 -41.6985
1.56  40.0615 40.2277   -43.3152 -41.5933
1.57  39.9337 40.1009   -43.2083 -41.4882
1.58  39.8059 39.9742   -43.1013 -41.383
1.59  39.6781 39.8475   -42.9944 -41.2778
1.6  39.5503 39.7207   -42.8874 -41.1726
1.61  39.4225 39.594   -42.7805 -41.0675
1.62  39.2947 39.4672   -42.6735 -40.9623
1.63  39.1669 39.3405   -42.5666 -40.8571
1.64  39.0391 39.2137   -42.4596 -40.752
1.65  38.9112 39.087   -42.3527 -40.6468
1.66  38.7834 38.9602   -42.2457 -40.5416
1.67  38.6556 38.8335   -42.1388 -40.4364
1.68  38.5278 38.7067   -42.0318 -40.3313
1.69  38.4 38.58   -41.9248 -40.2261
1.7  38.2722 38.4533   -41.8179 -40.1209
1.71  38.1444 38.3265   -41.7109 -40.0158
1.72  38.0166 38.1998   -41.604 -39.9106
1.73  37.8888 38.073   -41.497 -39.8054
1.74  37.7609 37.9463   -41.3901 -39.7002
1.75  37.6331 37.8195   -41.2831 -39.5951
1.76  37.5053 37.6928   -41.1762 -39.4899
1.77  37.3775 37.566   -41.0692 -39.3847
1.78  37.2497 37.4393   -40.9623 -39.2796
1.79  37.1219 37.3125   -40.8553 -39.1744
1.8  36.9941 37.1858   -40.7484 -39.0692
1.81  36.8663 37.0591   -40.6414 -38.9641
1.82  36.7385 36.9323   -40.5345 -38.8589
1.83  36.6107 36.8056   -40.4275 -38.7537
1.84  36.4828 36.6788   -40.3205 -38.6485
1.85  36.355 36.5521   -40.2136 -38.5434
1.86  36.2272 36.4253   -40.1066 -38.4382
1.87  36.0994 36.2986   -39.9997 -38.333
1.88  35.9716 36.1718   -39.8927 -38.2279
1.89  35.8438 36.0451   -39.7858 -38.1227
1.9  35.716 35.9183   -39.6788 -38.0175
1.91  35.5882 35.7916   -39.5719 -37.9123
1.92  35.4604 35.6649   -39.4649 -37.8072
1.93  35.3325 35.5381   -39.358 -37.702
1.94  35.2047 35.4114   -39.251 -37.5968
1.95  35.0769 35.2846   -39.1441 -37.4917
1.96  34.9491 35.1579   -39.0371 -37.3865
1.97  34.8213 35.0311   -38.9302 -37.2813
1.98  34.6935 34.9044   -38.8232 -37.1761
1.99  34.5657 34.7776   -38.7162 -37.071
2  34.4379 34.6509   -38.6093 -36.9658
2.01  34.3101 34.5241   -38.5023 -36.8606
2.02  34.1822 34.3974   -38.3954 -36.7555
2.03  34.0544 34.2707   -38.2884 -36.6503
2.04  33.9266 34.1439   -38.1815 -36.5451
2.05  33.7988 34.0172   -38.0745 -36.4399
2.06  33.671 33.8904   -37.9676 -36.3348
2.07  33.5432 33.7637   -37.8606 -36.2296
2.08  33.4154 33.6369   -37.7537 -36.1244
2.09  33.2876 33.5102   -37.6467 -36.0193
2.1  33.1598 33.3834   -37.5398 -35.9141
2.11  33.032 33.2567   -37.4328 -35.8089
2.12  32.9041 33.1299   -37.3258 -35.7037
2.13  32.7763 33.0032   -37.2189 -35.5986
2.14  32.6485 32.8764   -37.1119 -35.4934
2.15  32.5207 32.7497   -37.005 -35.3882
2.16  32.3929 32.623   -36.898 -35.2831
2.17  32.2651 32.4962   -36.7911 -35.1779
2.18  32.1373 32.3695   -36.6841 -35.0727
2.19  32.0095 32.2427   -36.5772 -34.9676
2.2  31.8817 32.116   -36.4702 -34.8624
2.21  31.7538 31.9892   -36.3633 -34.7572
2.22  31.626 31.8625   -36.2563 -34.652
2.23  31.4982 31.7357   -36.1494 -34.5469
2.24  31.3704 31.609   -36.0424 -34.4417
2.25  31.2426 31.4822   -35.9355 -34.3365
2.26  31.1148 31.3555   -35.8285 -34.2314
2.27  30.987 31.2288   -35.7215 -34.1262
2.28  30.8592 31.102   -35.6146 -34.021
2.29  30.7314 30.9753   -35.5076 -33.9158
2.3  30.6036 30.8485   -35.4007 -33.8107
2.31  30.4757 30.7218   -35.2937 -33.7055
2.32  30.3479 30.595   -35.1868 -33.6003
2.33  30.2201 30.4683   -35.0798 -33.4952
2.34  30.0923 30.3415   -34.9729 -33.39
2.35  29.9645 30.2148   -34.8659 -33.2848
2.36  29.8367 30.088   -34.759 -33.1796
2.37  29.7089 29.9613   -34.652 -33.0745
2.38  29.5811 29.8346   -34.5451 -32.9693
2.39  29.4533 29.7078   -34.4381 -32.8641
2.4  29.3254 29.5811   -34.3311 -32.759
2.41  29.1976 29.4543   -34.2242 -32.6538
2.42  29.0698 29.3276   -34.1172 -32.5486
2.43  28.942 29.2008   -34.0103 -32.4434
2.44  28.8142 29.0741   -33.9033 -32.3383
2.45  28.6864 28.9473   -33.7964 -32.2331
2.46  28.5586 28.8206   -33.6894 -32.1279
2.47  28.4308 28.6938   -33.5825 -32.0228
2.48  28.303 28.5671   -33.4755 -31.9176
2.49  28.1751 28.4404   -33.3686 -31.8124
2.5  28.0473 28.3136   -33.2616 -31.7073
2.51  27.9195 28.1869   -33.1547 -31.6021
2.52  27.7917 28.0601   -33.0477 -31.4969
2.53  27.6639 27.9334   -32.9408 -31.3917
2.54  27.5361 27.8066   -32.8338 -31.2866
2.55  27.4083 27.6799   -32.7268 -31.1814
2.56  27.2805 27.5531   -32.6199 -31.0762
2.57  27.1527 27.4264   -32.5129 -30.9711
2.58  27.0249 27.2996   -32.406 -30.8659
2.59  26.897 27.1729   -32.299 -30.7607
2.6  26.7692 27.0462   -32.1921 -30.6555
2.61  26.6414 26.9194   -32.0851 -30.5504
2.62  26.5136 26.7927   -31.9782 -30.4452
2.63  26.3858 26.6659   -31.8712 -30.34
2.64  26.258 26.5392   -31.7643 -30.2349
2.65  26.1302 26.4124   -31.6573 -30.1297
2.66  26.0024 26.2857   -31.5504 -30.0245
2.67  25.8746 26.1589   -31.4434 -29.9193
2.68  25.7467 26.0322   -31.3364 -29.8142
2.69  25.6189 25.9054   -31.2295 -29.709
2.7  25.4911 25.7787   -31.1225 -29.6038
2.71  25.3633 25.652   -31.0156 -29.4987
2.72  25.2355 25.5252   -30.9086 -29.3935
2.73  25.1077 25.3985   -30.8017 -29.2883
2.74  24.9799 25.2717   -30.6947 -29.1831
2.75  24.8521 25.145   -30.5878 -29.078
2.76  24.7243 25.0182   -30.4808 -28.9728
2.77  24.5964 24.8915   -30.3739 -28.8676
2.78  24.4686 24.7647   -30.2669 -28.7625
2.79  24.3408 24.638   -30.16 -28.6573
2.8  24.213 24.5112   -30.053 -28.5521
2.81  24.0852 24.3845   -29.9461 -28.447
2.82  23.9574 24.2578   -29.8391 -28.3418
2.83  23.8296 24.131   -29.7321 -28.2366
2.84  23.7018 24.0043   -29.6252 -28.1314
2.85  23.574 23.8775   -29.5182 -28.0263
2.86  23.4462 23.7508   -29.4113 -27.9211
2.87  23.3183 23.624   -29.3043 -27.8159
2.88  23.1905 23.4973   -29.1974 -27.7108
2.89  23.0627 23.3705   -29.0904 -27.6056
2.9  22.9349 23.2438   -28.9835 -27.5004
2.91  22.8071 23.117   -28.8765 -27.3952
2.92  22.6793 22.9903   -28.7696 -27.2901
2.93  22.5515 22.8636   -28.6626 -27.1849
2.94  22.4237 22.7368   -28.5557 -27.0797
2.95  22.2959 22.6101   -28.4487 -26.9746
2.96  22.168 22.4833   -28.3417 -26.8694
2.97  22.0402 22.3566   -28.2348 -26.7642
2.98  21.9124 22.2298   -28.1278 -26.659
2.99  21.7846 22.1031   -28.0209 -26.5539
3  21.6568 21.9763   -27.9139 -26.4487
3.01  21.529 21.8496   -27.807 -26.3435
3.02  21.4012 21.7228   -27.7 -26.2384
3.03  21.2734 21.5961   -27.5931 -26.1332
3.04  21.1456 21.4693   -27.4861 -26.028
3.05  21.0178 21.3426   -27.3792 -25.9228
3.06  20.8899 21.2159   -27.2722 -25.8177
3.07  20.7621 21.0891   -27.1653 -25.7125
3.08  20.6343 20.9624   -27.0583 -25.6073
3.09  20.5065 20.8356   -26.9514 -25.5022
3.1  20.3787 20.7089   -26.8444 -25.397
3.11  20.2509 20.5821   -26.7374 -25.2918
3.12  20.1231 20.4554   -26.6305 -25.1867
3.13  19.9953 20.3286   -26.5235 -25.0815
3.14  19.8675 20.2019   -26.4166 -24.9763
3.15  19.7396 20.0751   -26.3096 -24.8711
3.16  19.6118 19.9484   -26.2027 -24.766
3.17  19.484 19.8217   -26.0957 -24.6608
3.18  19.3562 19.6949   -25.9888 -24.5556
3.19  19.2284 19.5682   -25.8818 -24.4505
3.2  19.1006 19.4414   -25.7749 -24.3453
3.21  18.9728 19.3147   -25.6679 -24.2401
3.22  18.845 19.1879   -25.561 -24.1349
3.23  18.7172 19.0612   -25.454 -24.0298
3.24  18.5893 18.9344   -25.347 -23.9246
3.25  18.4615 18.8077   -25.2401 -23.8194
3.26  18.3337 18.6809   -25.1331 -23.7143
3.27  18.2059 18.5542   -25.0262 -23.6091
3.28  18.0781 18.4275   -24.9192 -23.5039
3.29  17.9503 18.3007   -24.8123 -23.3987
3.3  17.8225 18.174   -24.7053 -23.2936
3.31  17.6947 18.0472   -24.5984 -23.1884
3.32  17.5669 17.9205   -24.4914 -23.0832
3.33  17.4391 17.7937   -24.3845 -22.9781
3.34  17.3112 17.667   -24.2775 -22.8729
3.35  17.1834 17.5402   -24.1706 -22.7677
3.36  17.0556 17.4135   -24.0636 -22.6625
3.37  16.9278 17.2867   -23.9567 -22.5574
3.38  16.8 17.16   -23.8497 -22.4522
3.39  16.6722 17.0333   -23.7427 -22.347
3.4  16.5444 16.9065   -23.6358 -22.2419
3.41  16.4166 16.7798   -23.5288 -22.1367
3.42  16.2888 16.653   -23.4219 -22.0315
3.43  16.1609 16.5263   -23.3149 -21.9263
3.44  16.0331 16.3995   -23.208 -21.8212
3.45  15.9053 16.2728   -23.101 -21.716
3.46  15.7775 16.146   -22.9941 -21.6108
3.47  15.6497 16.0193   -22.8871 -21.5057
3.48  15.5219 15.8925   -22.7802 -21.4005
3.49  15.3941 15.7658   -22.6732 -21.2953
3.5  15.2663 15.6391   -22.5663 -21.1902
3.51  15.1385 15.5123   -22.4593 -21.085
3.52  15.0107 15.3856   -22.3523 -20.9798
3.53  14.8828 15.2588   -22.2454 -20.8746
3.54  14.755 15.1321   -22.1384 -20.7695
3.55  14.6272 15.0053   -22.0315 -20.6643
3.56  14.4994 14.8786   -21.9245 -20.5591
3.57  14.3716 14.7518   -21.8176 -20.454
3.58  14.2438 14.6251   -21.7106 -20.3488
3.59  14.116 14.4983   -21.6037 -20.2436
3.6  13.9882 14.3716   -21.4967 -20.1384
3.61  13.8604 14.2449   -21.3898 -20.0333
3.62  13.7325 14.1181   -21.2828 -19.9281
3.63  13.6047 13.9914   -21.1759 -19.8229
3.64  13.4769 13.8646   -21.0689 -19.7178
3.65  13.3491 13.7379   -20.962 -19.6126
3.66  13.2213 13.6111   -20.855 -19.5074
3.67  13.0935 13.4844   -20.748 -19.4022
3.68  12.9657 13.3576   -20.6411 -19.2971
3.69  12.8379 13.2309   -20.5341 -19.1919
3.7  12.7101 13.1041   -20.4272 -19.0867
3.71  12.5822 12.9774   -20.3202 -18.9816
3.72  12.4544 12.8507   -20.2133 -18.8764
3.73  12.3266 12.7239   -20.1063 -18.7712
3.74  12.1988 12.5972   -19.9994 -18.666
3.75  12.071 12.4704   -19.8924 -18.5609
3.76  11.9432 12.3437   -19.7855 -18.4557
3.77  11.8154 12.2169   -19.6785 -18.3505
3.78  11.6876 12.0902   -19.5716 -18.2454
3.79  11.5598 11.9634   -19.4646 -18.1402
3.8  11.432 11.8367   -19.3577 -18.035
3.81  11.3041 11.7099   -19.2507 -17.9299
3.82  11.1763 11.5832   -19.1437 -17.8247
3.83  11.0485 11.4564   -19.0368 -17.7195
3.84  10.9207 11.3297   -18.9298 -17.6143
3.85  10.7929 11.203   -18.8229 -17.5092
3.86  10.6651 11.0762   -18.7159 -17.404
3.87  10.5373 10.9495   -18.609 -17.2988
3.88  10.4095 10.8227   -18.502 -17.1937
3.89  10.2817 10.696   -18.3951 -17.0885
3.9  10.1538 10.5692   -18.2881 -16.9833
3.91  10.026 10.4425   -18.1812 -16.8781
3.92  9.89822 10.3157   -18.0742 -16.773
3.93  9.77041 10.189   -17.9673 -16.6678
3.94  9.6426 10.0622   -17.8603 -16.5626
3.95  9.51479 9.9355   -17.7533 -16.4575
3.96  9.38698 9.80876   -17.6464 -16.3523
3.97  9.25917 9.68201   -17.5394 -16.2471
3.98  9.13136 9.55527   -17.4325 -16.1419
3.99  9.00355 9.42852   -17.3255 -16.0368
4  8.87574 9.30178   -17.2186 -15.9316
4.01  8.74793 9.17503   -17.1116 -15.8264
4.02  8.62012 9.04828   -17.0047 -15.7213
4.03  8.49231 8.92154   -16.8977 -15.6161
4.04  8.3645 8.79479   -16.7908 -15.5109
4.05  8.23669 8.66805   -16.6838 -15.4057
4.06  8.10888 8.5413   -16.5769 -15.3006
4.07  7.98107 8.41456   -16.4699 -15.1954
4.08  7.85325 8.28781   -16.363 -15.0902
4.09  7.72544 8.16107   -16.256 -14.9851
4.1  7.59763 8.03432   -16.149 -14.8799
4.11  7.46982 7.90757   -16.0421 -14.7747
4.12  7.34201 7.78083   -15.9351 -14.6696
4.13  7.2142 7.65408   -15.8282 -14.5644
4.14  7.08639 7.52734   -15.7212 -14.4592
4.15  6.95858 7.40059   -15.6143 -14.354
4.16  6.83077 7.27385   -15.5073 -14.2489
4.17  6.70296 7.1471   -15.4004 -14.1437
4.18  6.57515 7.02036   -15.2934 -14.0385
4.19  6.44734 6.89361   -15.1865 -13.9334
4.2  6.31953 6.76686   -15.0795 -13.8282
4.21  6.19172 6.64012   -14.9726 -13.723
4.22  6.06391 6.51337   -14.8656 -13.6178
4.23  5.93609 6.38663   -14.7586 -13.5127
4.24  5.80828 6.25988   -14.6517 -13.4075
4.25  5.68047 6.13314   -14.5447 -13.3023
4.26  5.55266 6.00639   -14.4378 -13.1972
4.27  5.42485 5.87964   -14.3308 -13.092
4.28  5.29704 5.7529   -14.2239 -12.9868
4.29  5.16923 5.62615   -14.1169 -12.8816
4.3  5.04142 5.49941   -14.01 -12.7765
4.31  4.91361 5.37266   -13.903 -12.6713
4.32  4.7858 5.24592   -13.7961 -12.5661
4.33  4.65799 5.11917   -13.6891 -12.461
4.34  4.53018 4.99243   -13.5822 -12.3558
4.35  4.40237 4.86568   -13.4752 -12.2506
4.36  4.27456 4.73893   -13.3683 -12.1454
4.37  4.14675 4.61219   -13.2613 -12.0403
4.38  4.01893 4.48544   -13.1543 -11.9351
4.39  3.89112 4.3587   -13.0474 -11.8299
4.4  3.76331 4.23195   -12.9404 -11.7248
4.41  3.6355 4.10521   -12.8335 -11.6196
4.42  3.50769 3.97846   -12.7265 -11.5144
4.43  3.37988 3.85172   -12.6196 -11.4093
4.44  3.25207 3.72497   -12.5126 -11.3041
4.45  3.12426 3.59822   -12.4057 -11.1989
4.46  2.99645 3.47148   -12.2987 -11.0937
4.47  2.86864 3.34473   -12.1918 -10.9886
4.48  2.74083 3.21799   -12.0848 -10.8834
4.49  2.61302 3.09124   -11.9779 -10.7782
4.5  2.48521 2.9645   -11.8709 -10.6731
4.51  2.3574 2.83775   -11.7639 -10.5679
4.52  2.22959 2.71101   -11.657 -10.4627
4.53  2.10178 2.58426   -11.55 -10.3575
4.54  1.97396 2.45751   -11.4431 -10.2524
4.55  1.84615 2.33077   -11.3361 -10.1472
4.56  1.71834 2.20402   -11.2292 -10.042
4.57  1.59053 2.07728   -11.1222 -9.93686
4.58  1.46272 1.95053   -11.0153 -9.83169
4.59  1.33491 1.82379   -10.9083 -9.72651
4.6  1.2071 1.69704   -10.8014 -9.62134
4.61  1.07929 1.5703   -10.6944 -9.51617
4.62  0.951479 1.44355   -10.5875 -9.411
4.63  0.823669 1.3168   -10.4805 -9.30583
4.64  0.695858 1.19006   -10.3736 -9.20066
4.65  0.568047 1.06331   -10.2666 -9.09549
4.66  0.440237 0.936568   -10.1596 -8.99032
4.67  0.312426 0.809822   -10.0527 -8.88515
4.68  0.184615 0.683077   -9.94574 -8.77998
4.69  0.0568047 0.556331   -9.83878 -8.6748
4.7  -0.0710059 0.429586   -9.73183 -8.56963
4.71  -0.198817 0.30284   -9.62488 -8.46446
4.72  -0.326627 0.176095   -9.51792 -8.35929
4.73  -0.454438 0.0493491   -9.41097 -8.25412
4.74  -0.582249 -0.0773964   -9.30402 -8.14895
4.75  -0.710059 -0.204142   -9.19706 -8.04378
4.76  -0.83787 -0.330888   -9.09011 -7.93861
4.77  -0.96568 -0.457633   -8.98316 -7.83344
4.78  -1.09349 -0.584379   -8.8762 -7.72827
4.79  -1.2213 -0.711124   -8.76925 -7.62309
4.8  -1.34911 -0.83787   -8.6623 -7.51792
4.81  -1.47692 -0.964615   -8.55534 -7.41275
4.82  -1.60473 -1.09136   -8.44839 -7.30758
4.83  -1.73254 -1.21811   -8.34143 -7.20241
4.84  -1.86036 -1.34485   -8.23448 -7.09724
4.85  -1.98817 -1.4716   -8.12753 -6.99207
4.86  -2.11598 -1.59834   -8.02057 -6.8869
4.87  -2.24379 -1.72509   -7.91362 -6.78173
4.88  -2.3716 -1.85183   -7.80667 -6.67656
4.89  -2.4762 -1.95809   -7.72292 -6.59188
4.9  -2.48246 -1.97747   -7.75058 -6.6056
4.91  -2.49747 -2.00561   -7.76956 -6.6105
4.92  -2.50781 -2.02974   -7.79321 -6.61939
4.93  -2.51764 -2.05455   -7.81743 -6.62753
4.94  -2.52716 -2.07975   -7.84201 -6.63523
4.95  -2.53638 -2.10537   -7.86694 -6.64245
4.96  -2.54528 -2.13143   -7.89223 -6.64919
4.97  -2.55386 -2.15795   -7.91789 -6.65541
4.98  -2.56209 -2.18495   -7.94393 -6.66109
4.99  -2.56998 -2.21246   -7.97038 -6.66619
5  -2.57751 -2.24051   -7.99724 -6.6707
5.01  -2.58466 -2.26913   -8.02453 -6.67456
5.02  -2.59143 -2.29834   -8.05226 -6.67776
5.03  -2.5978 -2.32819   -8.08045 -6.68026
5.04  -2.60376 -2.35869   -8.10911 -6.68202
5.05  -2.6093 -2.3899   -8.13826 -6.68299
5.06  -2.61441 -2.42184   -8.1679 -6.68314
5.07  -2.61907 -2.45456   -8.19806 -6.68242
5.08  -2.62327 -2.4881   -8.22875 -6.68078
5.09  -2.62701 -2.5225   -8.25998 -6.67819
5.1  -2.63028 -2.55781   -8.29176 -6.67457
5.11  -2.63306 -2.59409   -8.3241 -6.66988
5.12  -2.63535 -2.63138   -8.35702 -6.66406
5.13  -2.63714 -2.66973   -8.39052 -6.65705
5.14  -2.63843 -2.70922   -8.42461 -6.64878
5.15  -2.63922 -2.74989   -8.4593 -6.63918
5.16  -2.63949 -2.79182   -8.4946 -6.62819
5.17  -2.63926 -2.83507   -8.5305 -6.61572
5.18  -2.63852 -2.87971   -8.567 -6.6017
5.19  -2.63729 -2.92583   -8.6041 -6.58604
5.2  -2.63557 -2.97349   -8.6418 -6.56866
5.21  -2.63337 -3.02279   -8.68007 -6.54945
5.22  -2.63072 -3.0738   -8.71892 -6.52834
5.23  -2.62763 -3.12662   -8.75831 -6.50521
5.24  -2.62414 -3.18135   -8.79822 -6.47996
5.25  -2.62029 -3.23808   -8.83862 -6.45248
5.26  -2.6161 -3.29691   -8.87946 -6.42266
5.27  -2.61163 -3.35796   -8.92071 -6.39037
5.28  -2.60694 -3.42132   -8.9623 -6.35551
5.29  -2.6021 -3.48711   -9.00417 -6.31794
5.3  -2.59718 -3.55544   -9.04623 -6.27753
5.31  -2.59228 -3.62643   -9.08841 -6.23416
5.32  -2.58748 -3.7002   -9.1306 -6.18769
5.33  -2.58291 -3.77686   -9.17268 -6.13799
5.34  -2.5787 -3.85653   -9.21453 -6.08493
5.35  -2.57498 -3.93933   -9.256 -6.02838
5.36  -2.57193 -4.02536   -9.29691 -5.9682
5.37  -2.56971 -4.11473   -9.3371 -5.90428
5.38  -2.56853 -4.20754   -9.37635 -5.8365
5.39  -2.56859 -4.30388   -9.41446 -5.76474
5.4  -2.57013 -4.40383   -9.45116 -5.68892
5.41  -2.57341 -4.50745   -9.48621 -5.60895
5.42  -2.57871 -4.61479   -9.51931 -5.52476
5.43  -2.5863 -4.72588   -9.55016 -5.43631
5.44  -2.59652 -4.84071   -9.57843 -5.34358
5.45  -2.60968 -4.95927   -9.60378 -5.24657
5.46  -2.62613 -5.08149   -9.62584 -5.14533
5.47  -2.64623 -5.20729   -9.64424 -5.03994
5.48  -2.67036 -5.33654   -9.65858 -4.93049
5.49  -2.69888 -5.46905   -9.66847 -4.81717
5.5  -2.73218 -5.60462   -9.6735 -4.70016
5.51  -2.77061 -5.74297   -9.67329 -4.57973
5.52  -2.81455 -5.88379   -9.66744 -4.45618
5.53  -2.86434 -6.02671   -9.65557 -4.32988
5.54  -2.92029 -6.1713   -9.63735 -4.20124
5.55  -2.98269 -6.31711   -9.61246 -4.07073
5.56  -3.05178 -6.4636   -9.58062 -3.93887
5.57  -3.12775 -6.61021   -9.54162 -3.80622
5.58  -3.21074 -6.75635   -9.49527 -3.67339
5.59  -3.30081 -6.90138   -9.44149 -3.54103
5.6  -3.39795 -7.04464   -9.38025 -3.40979
5.61  -3.5021 -7.18546   -9.31159 -3.28036
5.62  -3.61308 -7.32318   -9.23563 -3.15343
5.63  -3.73065 -7.45714   -9.1526 -3.02967
5.64  -3.8545 -7.58669   -9.06278 -2.90974
5.65  -3.98423 -7.71123   -8.96677 -2.7945
5.66  -4.11699 -7.83279   -8.86491 -2.68439
5.67  -4.24975 -7.95434   -8.75507 -2.58224
5.68  -4.3825 -8.0759   -8.64414 -2.48127
5.69  -4.51526 -8.19745   -8.53321 -2.3803
5.7  -4.64802 -8.31901   -8.42228 -2.27933
5.71  -4.78077 -8.44056   -8.31135 -2.17836
5.72  -4.91353 -8.56212   -8.20042 -2.07739
5.73  -5.04629 -8.68367   -8.08949 -1.97642
5.74  -5.17905 -8.80522   -7.97856 -1.87545
5.75  -5.3118 -8.92678   -7.86764 -1.77448
5.76  -5.44456 -9.04833   -7.75671 -1.67352
5.77  -5.57732 -9.16989   -7.64578 -1.57255
5.78  -5.71008 -9.29144   -7.53485 -1.47158
5.79  -5.84283 -9.413   -7.42392 -1.37061
5.8  -5.97559 -9.53455   -7.31299 -1.26964
5.81  -6.10835 -9.6561   -7.20206 -1.16867
5.82  -6.24111 -9.77766   -7.09114 -1.0677
5.83  -6.37386 -9.89921   -6.98021 -0.966729
5.84  -6.50662 -10.0208   -6.86928 -0.86576
5.85  -6.63938 -10.1423   -6.75835 -0.76479
5.86  -6.77214 -10.2639   -6.64742 -0.663821
5.87  -6.90489 -10.3854   -6.53649 -0.562851
5.88  -7.03765 -10.507   -6.42556 -0.461882
5.89  -7.17041 -10.6285   -6.31463 -0.360912
5.9  -7.30317 -10.7501   -6.20371 -0.259943
5.91  -7.43592 -10.8716   -6.09278 -0.158973
5.92  -7.56868 -10.9932   -5.98185 -0.0580037
5.93  -7.70144 -11.1148   -5.87092 0.0429658
5.94  -7.8342 -11.2363   -5.75999 0.143935
5.95  -7.96695 -11.3579   -5.64906 0.244905
5.96  -8.09971 -11.4794   -5.53813 0.345874
5.97  -8.23247 -11.601   -5.42721 0.446844
5.98  -8.36522 -11.7225   -5.31628 0.547813
5.99  -8.49798 -11.8441   -5.20535 0.648783
6  -8.63074 -11.9656   -5.09442 0.749752
6.01  -8.7635 -12.0872   -4.98349 0.850722
6.02  -8.89625 -12.2087   -4.87256 0.951691
6.03  -9.02901 -12.3303   -4.76163 1.05266
6.04  -9.16177 -12.4519   -4.65071 1.15363
6.05  -9.29453 -12.5734   -4.53978 1.2546
6.06  -9.42728 -12.695   -4.42885 1.35557
6.07  -9.56004 -12.8165   -4.31792 1.45654
6.08  -9.6928 -12.9381   -4.20699 1.55751
6.09  -9.82556 -13.0596   -4.09606 1.65848
6.1  -9.95831 -13.1812   -3.98513 1.75945
6.11  -10.0911 -13.3027   -3.8742 1.86042
6.12  -10.2238 -13.4243   -3.76328 1.96139
6.13  -10.3566 -13.5458   -3.65235 2.06236
6.14  -10.4893 -13.6674   -3.54142 2.16332
6.15  -10.6221 -13.789   -3.43049 2.26429
6.16  -10.7549 -13.9105   -3.31956 2.36526
6.17  -10.8876 -14.0321   -3.20863 2.46623
6.18  -11.0204 -14.1536   -3.0977 2.5672
6.19  -11.1531 -14.2752   -2.98678 2.66817
6.2  -11.2859 -14.3967   -2.87585 2.76914
6.21  -11.4186 -14.5183   -2.76492 2.87011
6.22  -11.5514 -14.6398   -2.65399 2.97108
6.23  -11.6842 -14.7614   -2.54306 3.07205
6.24  -11.8169 -14.8829   -2.43213 3.17302
6.25  -11.9497 -15.0045   -2.3212 3.27399
6.26  -12.0824 -15.1261   -2.21028 3.37496
6.27  -12.2152 -15.2476   -2.09935 3.47593
6.28  -12.3479 -15.3692   -1.98842 3.5769
6.29  -12.4807 -15.4907   -1.87749 3.67787
6.3  -12.6135 -15.6123   -1.76656 3.77884
6.31  -12.7462 -15.7338   -1.65563 3.87981
6.32  -12.879 -15.8554   -1.5447 3.98078
6.33  -13.0117 -15.9769   -1.43377 4.08174
6.34  -13.1445 -16.0985   -1.32285 4.18271
6.35  -13.2772 -16.22   -1.21192 4.28368
6.36  -13.41 -16.3416   -1.10099 4.38465
6.37  -13.5428 -16.4632   -0.99006 4.48562
6.38  -13.6755 -16.5847   -0.879131 4.58659
6.39  -13.8083 -16.7063   -0.768203 4.68756
6.4  -13.941 -16.8278   -0.657274 4.78853
6.41  -14.0738 -16.9494   -0.546345 4.8895
6.42  -14.2066 -17.0709   -0.435417 4.99047
6.43  -14.3393 -17.1925   -0.324488 5.09144
6.44  -14.4721 -17.314   -0.21356 5.19241
6.45  -14.6048 -17.4356   -0.102631 5.29338
6.46  -14.7376 -17.5571   0.00829778 5.39435
6.47  -14.8703 -17.6787   0.119226 5.49532
6.48  -15.0031 -17.8002   0.230155 5.59629
6.49  -15.1359 -17.9218   0.341084 5.69726
6.5  -15.2686 -18.0434   0.452012 5.79823
6.51  -15.4014 -18.1649   0.562941 5.8992
6.52  -15.5341 -18.2865   0.67387 6.00017
6.53  -15.6669 -18.408   0.784798 6.10113
6.54  -15.7996 -18.5296   0.895727 6.2021
6.55  -15.9324 -18.6511   1.00666 6.30307
6.56  -16.0652 -18.7727   1.11758 6.40404
6.57  -16.1979 -18.8942   1.22851 6.50501
6.58  -16.3307 -19.0158   1.33944 6.60598
6.59  -16.4634 -19.1373   1.45037 6.70695
6.6  -16.5962 -19.2589   1.5613 6.80792
6.61  -16.7289 -19.3805   1.67223 6.90889
6.62  -16.8617 -19.502   1.78316 7.00986
6.63  -16.9945 -19.6236   1.89408 7.11083
6.64  -17.1272 -19.7451   2.00501 7.2118
6.65  -17.26 -19.8667   2.11594 7.31277
6.66  -17.3927 -19.9882   2.22687 7.41374
6.67  -17.5255 -20.1098   2.3378 7.51471
6.68  -17.6582 -20.2313   2.44873 7.61568
6.69  -17.791 -20.3529   2.55966 7.71665
6.7  -17.9238 -20.4744   2.67059 7.81762
6.71  -18.0565 -20.596   2.78151 7.91859
6.72  -18.1893 -20.7176   2.89244 8.01955
6.73  -18.322 -20.8391   3.00337 8.12052
6.74  -18.4548 -20.9607   3.1143 8.22149
6.75  -18.5875 -21.0822   3.22523 8.32246
6.76  -18.7203 -21.2038   3.33616 8.42343
6.77  -18.8531 -21.3253   3.44709 8.5244
6.78  -18.9858 -21.4469   3.55801 8.62537
6.79  -19.1186 -21.5684   3.66894 8.72634
6.8  -19.2513 -21.69   3.77987 8.82731
6.81  -19.3841 -21.8115   3.8908 8.92828
6.82  -19.5168 -21.9331   4.00173 9.02925
6.83  -19.6496 -22.0547   4.11266 9.13022
6.84  -19.7824 -22.1762   4.22359 9.23119
6.85  -19.9151 -22.2978   4.33451 9.33216
6.86  -20.0479 -22.4193   4.44544 9.43313
6.87  -20.1806 -22.5409   4.55637 9.5341
6.88  -20.3134 -22.6624   4.6673 9.63507
6.89  -20.4461 -22.784   4.77823 9.73604
6.9  -20.5789 -22.9055   4.88916 9.83701
6.91  -20.7117 -23.0271   5.00009 9.93797
6.92  -20.8444 -23.1486   5.11102 10.0389
6.93  -20.9772 -23.2702   5.22194 10.1399
6.94  -21.1099 -23.3918   5.33287 10.2409
6.95  -21.2427 -23.5133   5.4438 10.3419
6.96  -21.3755 -23.6349   5.55473 10.4428
6.97  -21.5082 -23.7564   5.66566 10.5438
6.98  -21.641 -23.878   5.77659 10.6448
6.99  -21.7737 -23.9995   5.88752 10.7457
7  -21.9065 -24.1211   5.99844 10.8467
7.01  -22.0392 -24.2426   6.10937 10.9477
7.02  -22.172 -24.3642   6.2203 11.0486
7.03  -22.3048 -24.4857   6.33123 11.1496
7.04  -22.4375 -24.6073   6.44216 11.2506
7.05  -22.5703 -24.7289   6.55309 11.3515
7.06  -22.703 -24.8504   6.66402 11.4525
7.07  -22.8358 -24.972   6.77495 11.5535
7.08  -22.9685 -25.0935   6.88587 11.6545
7.09  -23.1013 -25.2151   6.9968 11.7554
7.1  -23.2341 -25.3366   7.10773 11.8564
7.11  -23.3668 -25.4582   7.21866 11.9574
7.12  -23.4996 -25.5797   7.32959 12.0583
7.13  -23.6323 -25.7013   7.44052 12.1593
7.14  -23.7651 -25.8228   7.55145 12.2603
7.15  -23.8978 -25.9444   7.66237 12.3612
7.16  -24.0306 -26.0659   7.7733 12.4622
7.17  -24.1634 -26.1875   7.88423 12.5632
7.18  -24.2961 -26.3091   7.99516 12.6642
7.19  -24.4289 -26.4306   8.10609 12.7651
7.2  -24.5616 -26.5522   8.21702 12.8661
7.21  -24.6944 -26.6737   8.32795 12.9671
7.22  -24.8271 -26.7953   8.43887 13.068
7.23  -24.9599 -26.9168   8.5498 13.169
7.24  -25.0927 -27.0384   8.66073 13.27
7.25  -25.2254 -27.1599   8.77166 13.3709
7.26  -25.3582 -27.2815   8.88259 13.4719
7.27  -25.4909 -27.403   8.99352 13.5729
7.28  -25.6237 -27.5246   9.10445 13.6738
7.29  -25.7564 -27.6462   9.21538 13.7748
7.3  -25.8892 -27.7677   9.3263 13.8758
7.31  -26.022 -27.8893   9.43723 13.9768
7.32  -26.1547 -28.0108   9.54816 14.0777
7.33  -26.2875 -28.1324   9.65909 14.1787
7.34  -26.4202 -28.2539   9.77002 14.2797
7.35  -26.553 -28.3755   9.88095 14.3806
7.36  -26.6857 -28.497   9.99188 14.4816
7.37  -26.8185 -28.6186   10.1028 14.5826
7.38  -26.9513 -28.7401   10.2137 14.6835
7.39  -27.084 -28.8617   10.3247 14.7845
7.4  -27.2168 -28.9833   10.4356 14.8855
7.41  -27.3495 -29.1048   10.5465 14.9864
7.42  -27.4823 -29.2264   10.6574 15.0874
7.43  -27.615 -29.3479   10.7684 15.1884
7.44  -27.7478 -29.4695   10.8793 15.2894
7.45  -27.8806 -29.591   10.9902 15.3903
7.46  -28.0133 -29.7126   11.1012 15.4913
7.47  -28.1461 -29.8341   11.2121 15.5923
7.48  -28.2788 -29.9557   11.323 15.6932
7.49  -28.4116 -30.0772   11.4339 15.7942
7.5  -28.5443 -30.1988   11.5449 15.8952
7.51  -28.6771 -30.3204   11.6558 15.9961
7.52  -28.8099 -30.4419   11.7667 16.0971
7.53  -28.9426 -30.5635   11.8777 16.1981
7.54  -29.0754 -30.685   11.9886 16.2991
7.55  -29.2081 -30.8066   12.0995 16.4
7.56  -29.3409 -30.9281   12.2104 16.501
7.57  -29.4737 -31.0497   12.3214 16.602
7.58  -29.6064 -31.1712   12.4323 16.7029
7.59  -29.7392 -31.2928   12.5432 16.8039
7.6  -29.8719 -31.4143   12.6542 16.9049
7.61  -30.0047 -31.5359   12.7651 17.0058
7.62  -30.1374 -31.6575   12.876 17.1068
7.63  -30.2702 -31.779   12.9869 17.2078
7.64  -30.403 -31.9006   13.0979 17.3087
7.65  -30.5357 -32.0221   13.2088 17.4097
7.66  -30.6685 -32.1437   13.3197 17.5107
7.67  -30.8012 -32.2652   13.4307 17.6117
7.68  -30.934 -32.3868   13.5416 17.7126
7.69  -31.0667 -32.5083   13.6525 17.8136
7.7  -31.1995 -32.6299   13.7634 17.9146
7.71  -31.3323 -32.7514   13.8744 18.0155
7.72  -31.465 -32.873   13.9853 18.1165
7.73  -31.5978 -32.9945   14.0962 18.2175
7.74  -31.7305 -33.1161   14.2072 18.3184
7.75  -31.8633 -33.2377   14.3181 18.4194
7.76  -31.996 -33.3592   14.429 18.5204
7.77  -32.1288 -33.4808   14.54 18.6213
7.78  -32.2616 -33.6023   14.6509 18.7223
7.79  -32.3943 -33.7239   14.7618 18.8233
7.8  -32.5271 -33.8454   14.8727 18.9243
7.81  -32.6598 -33.967   14.9837 19.0252
7.82  -32.7926 -34.0885   15.0946 19.1262
7.83  -32.9253 -34.2101   15.2055 19.2272
7.84  -33.0581 -34.3316   15.3165 19.3281
7.85  -33.1909 -34.4532   15.4274 19.4291
7.86  -33.3236 -34.5748   15.5383 19.5301
7.87  -33.4564 -34.6963   15.6492 19.631
7.88  -33.5891 -34.8179   15.7602 19.732
7.89  -33.7219 -34.9394   15.8711 19.833
7.9  -33.8546 -35.061   15.982 19.934
7.91  -33.9874 -35.1825   16.093 20.0349
7.92  -34.1202 -35.3041   16.2039 20.1359
7.93  -34.2529 -35.4256   16.3148 20.2369
7.94  -34.3857 -35.5472   16.4257 20.3378
7.95  -34.5184 -35.6687   16.5367 20.4388
7.96  -34.6512 -35.7903   16.6476 20.5398
7.97  -34.7839 -35.9119   16.7585 20.6407
7.98  -34.9167 -36.0334   16.8695 20.7417
7.99  -35.0495 -36.155   16.9804 20.8427
8  -35.1822 -36.2765   17.0913 20.9436
8.01  -35.315 -36.3981   17.2022 21.0446
8.02  -35.4477 -36.5196   17.3132 21.1456
8.03  -35.5805 -36.6412   17.4241 21.2466
8.04  -35.7132 -36.7627   17.535 21.3475
8.05  -35.846 -36.8843   17.646 21.4485
8.06  -35.9788 -37.0058   17.7569 21.5495
8.07  -36.1115 -37.1274   17.8678 21.6504
8.08  -36.2443 -37.249   17.9787 21.7514
8.09  -36.377 -37.3705   18.0897 21.8524
8.1  -36.5098 -37.4921   18.2006 21.9533
8.11  -36.6426 -37.6136   18.3115 22.0543
8.12  -36.7753 -37.7352   18.4225 22.1553
8.13  -36.9081 -37.8567   18.5334 22.2563
8.14  -37.0408 -37.9783   18.6443 22.3572
8.15  -37.1736 -38.0998   18.7552 22.4582
8.16  -37.3063 -38.2214   18.8662 22.5592
8.17  -37.4391 -38.3429   18.9771 22.6601
8.18  -37.5719 -38.4645   19.088 22.7611
8.19  -37.7046 -38.5861   19.199 22.8621
8.2  -37.8374 -38.7076   19.3099 22.963
8.21  -37.9701 -38.8292   19.4208 23.064
8.22  -38.1029 -38.9507   19.5317 23.165
8.23  -38.2356 -39.0723   19.6427 23.2659
8.24  -38.3684 -39.1938   19.7536 23.3669
8.25  -38.5012 -39.3154   19.8645 23.4679
8.26  -38.6339 -39.4369   19.9755 23.5689
8.27  -38.7667 -39.5585   20.0864 23.6698
8.28  -38.8994 -39.68   20.1973 23.7708
8.29  -39.0322 -39.8016   20.3082 23.8718
8.3  -39.1649 -39.9232   20.4192 23.9727
8.31  -39.2977 -40.0447   20.5301 24.0737
8.32  -39.4305 -40.1663   20.641 24.1747
8.33  -39.5632 -40.2878   20.752 24.2756
8.34  -39.696 -40.4094   20.8629 24.3766
8.35  -39.8287 -40.5309   20.9738 24.4776
8.36  -39.9615 -40.6525   21.0847 24.5785
8.37  -40.0942 -40.774   21.1957 24.6795
8.38  -40.227 -40.8956   21.3066 24.7805
8.39  -40.3598 -41.0171   21.4175 24.8815
8.4  -40.4925 -41.1387   21.5285 24.9824
8.41  -40.6253 -41.2602   21.6394 25.0834
8.42  -40.758 -41.3818   21.7503 25.1844
8.43  -40.8908 -41.5034   21.8612 25.2853
8.44  -41.0235 -41.6249   21.9722 25.3863
8.45  -41.1563 -41.7465   22.0831 25.4873
8.46  -41.2891 -41.868   22.194 25.5882
8.47  -41.4218 -41.9896   22.305 25.6892
8.48  -41.5546 -42.1111   22.4159 25.7902
8.49  -41.6873 -42.2327   22.5268 25.8912
8.5  -41.8201 -42.3542   22.6377 25.9921
8.51  -41.9528 -42.4758   22.7487 26.0931
8.52  -42.0856 -42.5973   22.8596 26.1941
8.53  -42.2184 -42.7189   22.9705 26.295
8.54  -42.3511 -42.8405   23.0815 26.396
8.55  -42.4839 -42.962   23.1924 26.497
8.56  -42.6166 -43.0836   23.3033 26.5979
8.57  -42.7494 -43.2051   23.4142 26.6989
8.58  -42.8821 -43.3267   23.5252 26.7999
8.59  -43.0149 -43.4482   23.6361 26.9008
8.6  -43.1477 -43.5698   23.747 27.0018
8.61  -43.2804 -43.6913   23.858 27.1028
8.62  -43.4132 -43.8129   23.9689 27.2038
8.63  -43.5459 -43.9344   24.0798 27.3047
8.64  -43.6787 -44.056   24.1907 27.4057
8.65  -43.8115 -44.1776   24.3017 27.5067
8.66  -43.9442 -44.2991   24.4126 27.6076
8.67  -44.077 -44.4207   24.5235 27.7086
8.68  -44.2097 -44.5422   24.6345 27.8096
8.69  -44.3425 -44.6638   24.7454 27.9105
8.7  -44.4752 -44.7853   24.8563 28.0115
8.71  -44.608 -44.9069   24.9672 28.1125
8.72  -44.7408 -45.0284   25.0782 28.2135
8.73  -44.8735 -45.15   25.1891 28.3144
8.74  -45.0063 -45.2715   25.3 28.4154
8.75  -45.139 -45.3931   25.411 28.5164
8.76  -45.2718 -45.5147   25.5219 28.6173
8.77  -45.4045 -45.6362   25.6328 28.7183
8.78  -45.5373 -45.7578   25.7437 28.8193
8.79  -45.6701 -45.8793   25.8547 28.9202
8.8  -45.8028 -46.0009   25.9656 29.0212
8.81  -45.9356 -46.1224   26.0765 29.1222
8.82  -46.0683 -46.244   26.1875 29.2231
8.83  -46.2011 -46.3655   26.2984 29.3241
8.84  -46.3338 -46.4871   26.4093 29.4251
8.85  -46.4666 -46.6086   26.5202 29.5261
8.86  -46.5994 -46.7302   26.6312 29.627
8.87  -46.7321 -46.8518   26.7421 29.728
8.88  -46.8648 -46.9732   26.853 29.829
8.89  -46.9961 -47.0935   26.964 29.9299
8.9  -47.1262 -47.2126   27.0749 30.0309
8.91  -47.2549 -47.3304   27.1858 30.1319
8.92  -47.3824 -47.4471   27.2967 30.2328
8.93  -47.5085 -47.5627   27.4077 30.3338
8.94  -47.6335 -47.677   27.5186 30.4348
8.95  -47.7571 -47.7903   27.6295 30.5357
8.96  -47.8796 -47.9024   27.7405 30.6367
8.97  -48.0008 -48.0133   27.8514 30.7377
8.98  -48.1208 -48.1232   27.9623 30.8387
8.99  -48.2395 -48.232   28.0732 30.9396
9  -48.3572 -48.3397   28.1842 31.0406
9.01  -48.4736 -48.4463   28.2951 31.1416
9.02  -48.5888 -48.5518   28.406 31.2425
9.03  -48.703 -48.6563   28.517 31.3435
9.04  -48.8159 -48.7597   28.6279 31.4445
9.05  -48.9278 -48.8621   28.7388 31.5454
9.06  -49.0385 -48.9635   28.8497 31.6464
9.07  -49.1481 -49.0639   28.9607 31.7474
9.08  -49.2566 -49.1632   29.0716 31.8484
9.09  -49.3641 -49.2616   29.1825 31.9493
9.1  -49.4704 -49.359   29.2935 32.0503
9.11  -49.5757 -49.4554   29.4044 32.1513
9.12  -49.68 -49.5508   29.5153 32.2522
9.13  -49.7832 -49.6453   29.6262 32.3532
9.14  -49.8853 -49.7389   29.7372 32.4542
9.15  -49.9865 -49.8315   29.8481 32.5551
9.16  -50.0866 -49.9232   29.959 32.6561
9.17  -50.1857 -50.0139   30.07 32.7571
9.18  -50.2839 -50.1038   30.1809 32.858
9.19  -50.381 -50.1928   30.2918 32.959
9.2  -50.4772 -50.2808   30.4027 33.06
9.21  -50.5725 -50.368   30.5137 33.161
9.22  -50.6667 -50.4543   30.6246 33.2619
9.23  -50.7601 -50.5398   30.7355 33.3629
9.24  -50.8525 -50.6244   30.8465 33.4639
9.25  -50.9439 -50.7082   30.9574 33.5648
9.26  -51.0345 -50.7911   31.0683 33.6658
9.27  -51.1242 -50.8732   31.1792 33.7668
9.28  -51.2129 -50.9544   31.2902 33.8677
9.29  -51.3008 -51.0349   31.4011 33.9687
9.3  -51.3878 -51.1145   31.512 34.0697
9.31  -51.4739 -51.1934   31.623 34.1706
9.32  -51.5592 -51.2715   31.7339 34.2716
9.33  -51.6436 -51.3487   31.8448 34.3726
9.34  -51.7271 -51.4253   31.9557 34.4736
9.35  -51.8099 -51.501   32.0667 34.5745
9.36  -51.8918 -51.576   32.1776 34.6755
9.37  -51.9728 -51.6502   32.2885 34.7765
9.38  -52.0531 -51.7237   32.3995 34.8774
9.39  -52.1326 -51.7965   32.5104 34.9784
9.4  -52.2113 -51.8685   32.6213 35.0794
9.41  -52.2892 -51.9398   32.7322 35.1803
9.42  -52.3663 -52.0104   32.8432 35.2813
9.43  -52.4426 -52.0803   32.9541 35.3823
9.44  -52.5182 -52.1495   33.065 35.4833
9.45  -52.593 -52.218   33.176 35.5842
9.46  -52.6671 -52.2859   33.2869 35.6852
9.47  -52.7404 -52.353   33.3978 35.7862
9.48  -52.813 -52.4195   33.5087 35.8871
9.49  -52.8849 -52.4853   33.6197 35.9881
9.5  -52.956 -52.5504   33.7306 36.0891
9.51  -53.0264 -52.6149   33.8415 36.19
9.52  -53.0962 -52.6788   33.9525 36.291
9.53  -53.1652 -52.742   34.0634 36.392
9.54  -53.2336 -52.8046   34.1743 36.4929
9.55  -53.3012 -52.8665   34.2852 36.5939
9.56  -53.3682 -52.9279   34.3962 36.6949
9.57  -53.4345 -52.9886   34.5071 36.7959
9.58  -53.5002 -53.0487   34.618 36.8968
9.59  -53.5652 -53.1082   34.729 36.9978
9.6  -53.6295 -53.1671   34.8399 37.0988
9.61  -53.6932 -53.2255   34.9508 37.1997
9.62  -53.7563 -53.2832   35.0617 37.3007
9.63  -53.8187 -53.3404   35.1727 37.4017
9.64  -53.8806 -53.397   35.2836 37.5026
9.65  -53.9418 -53.453   35.3945 37.6036
9.66  -54.0023 -53.5085   35.5055 37.7046
9.67  -54.0623 -53.5634   35.6164 37.8056
9.68  -54.1217 -53.6177   35.7273 37.9065
9.69  -54.1805 -53.6716   35.8383 38.0075
9.7  -54.2387 -53.7248   35.9492 38.1085
9.71  -54.2963 -53.7776   36.0601 38.2094
9.72  -54.3533 -53.8298   36.171 38.3104
9.73  -54.4098 -53.8815   36.282 38.4114
9.74  -54.4657 -53.9327   36.3929 38.5123
9.75  -54.521 -53.9834   36.5038 38.6133
9.76  -54.5758 -54.0336   36.6148 38.7143
9.77  -54.6301 -54.0832   36.7257 38.8152
9.78  -54.6838 -54.1324   36.8366 38.9162
9.79  -54.7369 -54.1811   36.9475 39.0172
9.8  -54.7896 -54.2292   37.0585 39.1182
9.81  -54.8417 -54.277   37.1694 39.2191
9.82  -54.8932 -54.3242   37.2803 39.3201
9.83  -54.9443 -54.3709   37.3913 39.4211
9.84  -54.9949 -54.4172   37.5022 39.522
9.85  -55.0449 -54.4631   37.6131 39.623
9.86  -55.0945 -54.5084   37.724 39.724
9.87  -55.1435 -54.5533   37.835 39.8249
9.88  -55.1921 -54.5978   37.9459 39.9259
9.89  -55.2402 -54.6418   38.0568 40.0269
9.9  -55.2878 -54.6854   38.1678 40.1278
9.91  -55.3349 -54.7286   38.2787 40.2288
9.92  -55.3815 -54.7713   38.3896 40.3298
9.93  -55.4277 -54.8136   38.5005 40.4308
9.94  -55.4734 -54.8554   38.6115 40.5317
9.95  -55.5187 -54.8969   38.7224 40.6327
9.96  -55.5635 -54.9379   38.8333 40.7337
9.97  -55.6079 -54.9785   38.9443 40.8346
9.98  -55.6518 -55.0187   39.0552 40.9356
9.99  -55.6953 -55.0586   39.1661 41.0366
10  -55.7383 -55.098   39.277 41.1375
10.01  -55.781 -55.137   39.388 41.2385
10.02  -55.8231 -55.1756   39.4989 41.3395
10.03  -55.8649 -55.2139   39.6098 41.4405
10.04  -55.9063 -55.2517   39.7208 41.5414
10.05  -55.9472 -55.2892   39.8317 41.6424
10.06  -55.9877 -55.3263   39.9426 41.7434
10.07  -56.0279 -55.3631   40.0535 41.8443
10.08  -56.0676 -55.3994   40.1645 41.9453
10.09  -56.1069 -55.4354   40.2754 42.0463
10.1  -56.1458 -55.4711   40.3863 42.1472
10.11  -56.1844 -55.5064   40.4973 42.2482
10.12  -56.2225 -55.5413   40.6082 42.3492
10.13  -56.2603 -55.5759   40.7191 42.4501
10.14  -56.2977 -55.6101   40.83 42.5511
10.15  -56.3347 -55.644   40.941 42.6521
10.16  -56.3714 -55.6776   41.0519 42.7531
10.17  -56.4077 -55.7108   41.1628 42.854
10.18  -56.4436 -55.7437   41.2738 42.955
10.19  -56.4792 -55.7763   41.3847 43.056
10.2  -56.5144 -55.8085   41.4956 43.1569
10.21  -56.5492 -55.8404   41.6065 43.2579
10.22  -56.5837 -55.872   41.7175 43.3589
10.23  -56.6179 -55.9033   41.8284 43.4598
10.24  -56.6517 -55.9343   41.9393 43.5608
10.25  -56.6852 -55.9649   42.0503 43.6618
10.26  -56.7183 -55.9953   42.1612 43.7628
10.27  -56.7512 -56.0253   42.2721 43.8637
10.28  -56.7836 -56.0551   42.383 43.9647
10.29  -56.8158 -56.0845   42.494 44.0657
10.3  -56.8476 -56.1137   42.6049 44.1666
10.31  -56.8792 -56.1425   42.7158 44.2676
10.32  -56.9104 -56.1711   42.8268 44.3686
10.33  -56.9413 -56.1994   42.9377 44.4695
10.34  -56.9719 -56.2274   43.0486 44.5705
10.35  -57.0021 -56.2551   43.1595 44.6715
10.36  -57.0321 -56.2826   43.2705 44.7724
10.37  -57.0618 -56.3097   43.3814 44.8734
10.38  -57.0912 -56.3367   43.4923 44.9744
10.39  -57.1203 -56.3633   43.6033 45.0754
10.4  -57.1491 -56.3897   43.7142 45.1763
10.41  -57.1776 -56.4158   43.8251 45.2773
10.42  -57.2058 -56.4416   43.936 45.3783
10.43  -57.2337 -56.4672   44.047 45.4792
10.44  -57.2614 -56.4925   44.1579 45.5802
10.45  -57.2888 -56.5176   44.2688 45.6812
10.46  -57.3159 -56.5424   44.3798 45.7821
10.47  -57.3427 -56.567   44.4907 45.8831
10.48  -57.3693 -56.5913   44.6016 45.9841
10.49  -57.3956 -56.6154   44.7125 46.085
10.5  -57.4217 -56.6392   44.8235 46.186
10.51  -57.4475 -56.6629   44.9344 46.287
10.52  -57.473 -56.6862   45.0453 46.388
10.53  -57.4982 -56.7094   45.1563 46.4889
10.54  -57.5233 -56.7323   45.2672 46.5899
10.55  -57.548 -56.7549   45.3781 46.6909
10.56  -57.5726 -56.7774   45.489 46.7918
10.57  -57.5968 -56.7996   45.6 46.8928
10.58  -57.6209 -56.8216   45.7109 46.9938
10.59  -57.6447 -56.8434   45.8218 47.0947
10.6  -57.6682 -56.865   45.9328 47.1957
10.61  -57.6915 -56.8863   46.0437 47.2967
10.62  -57.7146 -56.9075   46.1546 47.3977
10.63  -57.7375 -56.9284   46.2655 47.4986
10.64  -57.7601 -56.9491   46.3765 47.5996
10.65  -57.7825 -56.9696   46.4874 47.7006
10.66  -57.8047 -56.9899   46.5983 47.8015
10.67  -57.8266 -57.01   46.7093 47.9025
10.68  -57.8483 -57.0299   46.8202 48.0035
10.69  -57.8699 -57.0496   46.9311 48.1044
10.7  -57.8912 -57.0691   47.042 48.2054
10.71  -57.9123 -57.0884   47.153 48.3064
10.72  -57.9331 -57.1075   47.2639 48.4073
10.73  -57.9538 -57.1265   47.3748 48.5083
10.74  -57.9743 -57.1452   47.4858 48.6093
10.75  -57.9945 -57.1638   47.5967 48.7103
10.76  -58.0146 -57.1821   47.7076 48.8112
10.77  -58.0344 -57.2003   47.8185 48.9122
10.78  -58.0541 -57.2183   47.9295 49.0132
10.79  -58.0735 -57.2361   48.0404 49.1141
10.8  -58.0928 -57.2538   48.1513 49.2151
10.81  -58.1119 -57.2712   48.2623 49.3161
10.82  -58.1308 -57.2885   48.3732 49.417
10.83  -58.1495 -57.3056   48.4841 49.518
10.84  -58.168 -57.3226   48.595 49.619
10.85  -58.1863 -57.3393   48.706 49.7199
10.86  -58.2044 -57.3559   48.8169 49.8209
10.87  -58.2224 -57.3724   48.9278 49.9219
10.88  -58.2401 -57.3887   49.0386 50.0227
10.89  -58.2577 -57.4048   49.1482 50.1224
10.9  -58.2752 -57.4207   49.2567 50.2212
10.91  -58.2924 -57.4365   49.3641 50.319
10.92  -58.3095 -57.4522   49.4705 50.4158
10.93  -58.3264 -57.4676   49.5758 50.5117
10.94  -58.3431 -57.483   49.68 50.6065
10.95  -58.3597 -57.4981   49.7832 50.7005
10.96  -58.3761 -57.5131   49.8854 50.7935
10.97  -58.3923 -57.528   49.9865 50.8855
10.98  -58.4084 -57.5427   50.0867 50.9767
10.99  -58.4243 -57.5573   50.1858 51.0669
11  -58.4401 -57.5717   50.2839 51.1562
11.01  -58.4557 -57.586   50.3811 51.2447
11.02  -58.4711 -57.6002   50.4773 51.3322
11.03  -58.4864 -57.6142   50.5725 51.4189
11.04  -58.5016 -57.628   50.6668 51.5047
11.05  -58.5165 -57.6417   50.7601 51.5897
11.06  -58.5314 -57.6553   50.8525 51.6738
11.07  -58.5461 -57.6688   50.944 51.757
11.08  -58.5606 -57.6821   51.0346 51.8395
11.09  -58.575 -57.6953   51.1242 51.9211
11.1  -58.5892 -57.7083   51.213 52.0019
11.11  -58.6034 -57.7212   51.3008 52.0818
11.12  -58.6173 -57.734   51.3878 52.161
11.13  -58.6312 -57.7467   51.474 52.2394
11.14  -58.6448 -57.7592   51.5592 52.317
11.15  -58.6584 -57.7716   51.6436 52.3939
11.16  -58.6718 -57.7839   51.7272 52.4699
11.17  -58.6851 -57.7961   51.8099 52.5452
11.18  -58.6982 -57.8081   51.8918 52.6198
11.19  -58.7113 -57.82   51.9729 52.6936
11.2  -58.7241 -57.8318   52.0532 52.7666
11.21  -58.7369 -57.8435   52.1326 52.839
11.22  -58.7495 -57.8551   52.2113 52.9106
11.23  -58.762 -57.8665   52.2892 52.9815
11.24  -58.7744 -57.8778   52.3663 53.0517
11.25  -58.7867 -57.8891   52.4426 53.1211
11.26  -58.7988 -57.9002   52.5182 53.1899
11.27  -58.8108 -57.9112   52.593 53.258
11.28  -58.8227 -57.9221   52.6671 53.3254
11.29  -58.8345 -57.9328   52.7404 53.3922
11.3  -58.8461 -57.9435   52.813 53.4583
11.31  -58.8577 -57.9541   52.8849 53.5237
11.32  -58.8691 -57.9645   52.956 53.5885
11.33  -58.8804 -57.9749   53.0265 53.6526
11.34  -58.8916 -57.9851   53.0962 53.716
11.35  -58.9027 -57.9953   53.1653 53.7789
11.36  -58.9137 -58.0053   53.2336 53.8411
11.37  -58.9245 -58.0153   53.3013 53.9027
11.38  -58.9353 -58.0251   53.3683 53.9637
11.39  -58.9459 -58.0349   53.4346 54.024
11.4  -58.9565 -58.0445   53.5002 54.0838
11.41  -58.9669 -58.0541   53.5652 54.1429
11.42  -58.9772 -58.0635   53.6296 54.2015
11.43  -58.9875 -58.0729   53.6933 54.2595
11.44  -58.9976 -58.0822   53.7563 54.3169
11.45  -59.0076 -58.0914   53.8188 54.3737
11.46  -59.0175 -58.1004   53.8806 54.43
11.47  -59.0274 -58.1094   53.9418 54.4857
11.48  -59.0371 -58.1183   54.0024 54.5408
11.49  -59.0467 -58.1272   54.0623 54.5954
11.5  -59.0562 -58.1359   54.1217 54.6495
11.51  -59.0657 -58.1445   54.1805 54.703
11.52  -59.075 -58.1531   54.2387 54.756
11.53  -59.0843 -58.1616   54.2963 54.8084
11.54  -59.0934 -58.1699   54.3534 54.8603
11.55  -59.1025 -58.1782   54.4098 54.9117
11.56  -59.1115 -58.1865   54.4657 54.9626
11.57  -59.1204 -58.1946   54.5211 55.013
11.58  -59.1292 -58.2026   54.5759 55.0628
11.59  -59.1379 -58.2106   54.6301 55.1122
11.6  -59.1465 -58.2185   54.6838 55.1611
11.61  -59.155 -58.2263   54.737 55.2095
11.62  -59.1635 -58.2341   54.7896 55.2574
11.63  -59.1718 -58.2417   54.8417 55.3048
11.64  -59.1801 -58.2493   54.8933 55.3518
11.65  -59.1883 -58.2568   54.9443 55.3982
11.66  -59.1964 -58.2642   54.9949 55.4443
11.67  -59.2045 -58.2716   55.0449 55.4898
11.68  -59.2124 -58.2789   55.0945 55.5349
11.69  -59.2203 -58.2861   55.1436 55.5796
11.7  -59.2281 -58.2932   55.1921 55.6238
11.71  -59.2358 -58.3003   55.2402 55.6675
11.72  -59.2435 -58.3073   55.2878 55.7109
11.73  -59.251 -58.3142   55.3349 55.7537
11.74  -59.2585 -58.3211   55.3816 55.7962
11.75  -59.2659 -58.3279   55.4278 55.8382
11.76  -59.2733 -58.3346   55.4735 55.8799
11.77  -59.2805 -58.3413   55.5187 55.9211
11.78  -59.2877 -58.3478   55.5636 55.9619
11.79  -59.2949 -58.3544   55.6079 56.0022
11.8  -59.3019 -58.3608   55.6518 56.0422
11.81  -59.3089 -58.3672   55.6953 56.0818
11.82  -59.3158 -58.3735   55.7384 56.121
11.83  -59.3226 -58.3798   55.781 56.1598
11.84  -59.3294 -58.386   55.8232 56.1982
11.85  -59.3361 -58.3921   55.8649 56.2362
11.86  -59.3428 -58.3982   55.9063 56.2738
11.87  -59.3493 -58.4042   55.9472 56.3111
11.88  -59.3558 -58.4102   55.9878 56.348
11.89  -59.3623 -58.4161   56.0279 56.3845
11.9  -59.3687 -58.4219   56.0676 56.4206
11.91  -59.375 -58.4277   56.1069 56.4564
11.92  -59.3812 -58.4334   56.1459 56.4919
11.93  -59.3874 -58.4391   56.1844 56.527
11.94  -59.3935 -58.4447   56.2226 56.5617
11.95  -59.3996 -58.4503   56.2603 56.5961
11.96  -59.4056 -58.4558   56.2977 56.6301
11.97  -59.4115 -58.4612   56.3347 56.6638
11.98  -59.4174 -58.4666   56.3714 56.6972
11.99  -59.4233 -58.4719   56.4077 56.7302
12  -59.429 -58.4772   56.4436 56.7629
12.01  -59.4347 -58.4824   56.4792 56.7953
12.02  -59.4404 -58.4876   56.5144 56.8273
12.03  -59.446 -58.4927   56.5492 56.859
12.04  -59.4515 -58.4978   56.5837 56.8905
12.05  -59.457 -58.5028   56.6179 56.9215
12.06  -59.4624 -58.5078   56.6517 56.9523
12.07  -59.4678 -58.5127   56.6852 56.9828
12.08  -59.4731 -58.5176   56.7184 57.013
12.09  -59.4784 -58.5224   56.7512 57.0429
12.1  -59.4836 -58.5272   56.7837 57.0724
12.11  -59.4888 -58.5319   56.8158 57.1017
12.12  -59.4939 -58.5366   56.8477 57.1307
12.13  -59.499 -58.5412   56.8792 57.1594
12.14  -59.504 -58.5458   56.9104 57.1878
12.15  -59.5089 -58.5504   56.9413 57.2159
12.16  -59.5138 -58.5549   56.9719 57.2437
12.17  -59.5187 -58.5593   57.0022 57.2713
12.18  -59.5235 -58.5637   57.0321 57.2986
12.19  -59.5283 -58.5681   57.0618 57.3256
12.2  -59.533 -58.5724   57.0912 57.3524
12.21  -59.5377 -58.5767   57.1203 57.3788
12.22  -59.5423 -58.5809   57.1491 57.405
12.23  -59.5469 -58.5851   57.1776 57.431
12.24  -59.5514 -58.5893   57.2058 57.4567
12.25  -59.5559 -58.5934   57.2338 57.4821
12.26  -59.5603 -58.5974   57.2614 57.5073
12.27  -59.5647 -58.6015   57.2888 57.5322
12.28  -59.5691 -58.6054   57.3159 57.5569
12.29  -59.5734 -58.6094   57.3428 57.5813
12.3  -59.5776 -58.6133   57.3693 57.6055
12.31  -59.5819 -58.6172   57.3956 57.6295
12.32  -59.5861 -58.621   57.4217 57.6532
12.33  -59.5902 -58.6248   57.4475 57.6766
12.34  -59.5943 -58.6285   57.473 57.6999
12.35  -59.5983 -58.6322   57.4983 57.7229
12.36  -59.6024 -58.6359   57.5233 57.7456
12.37  -59.6063 -58.6396   57.548 57.7682
12.38  -59.6103 -58.6432   57.5726 57.7905
12.39  -59.6142 -58.6467   57.5968 57.8126
12.4  -59.618 -58.6503   57.6209 57.8345
12.41  -59.6219 -58.6538   57.6447 57.8561
12.42  -59.6256 -58.6572   57.6682 57.8776
12.43  -59.6294 -58.6607   57.6915 57.8988
12.44  -59.6331 -58.664   57.7146 57.9198
12.45  -59.6368 -58.6674   57.7375 57.9406
12.46  -59.6404 -58.6707   57.7601 57.9612
12.47  -59.644 -58.674   57.7825 57.9816
12.48  -59.6475 -58.6773   57.8047 58.0018
12.49  -59.6511 -58.6805   57.8266 58.0218
12.5  -59.6546 -58.6837   57.8484 58.0415
12.51  -59.658 -58.6869   57.8699 58.0611
12.52  -59.6614 -58.69   57.8912 58.0805
12.53  -59.6648 -58.6931   57.9123 58.0997
12.54  -59.6682 -58.6962   57.9331 58.1187
12.55  -59.6715 -58.6992   57.9538 58.1375
12.56  -59.6748 -58.7022   57.9743 58.1561
12.57  -59.678 -58.7052   57.9945 58.1746
12.58  -59.6812 -58.7081   58.0146 58.1928
12.59  -59.6844 -58.7111   58.0344 58.2109
12.6  -59.6876 -58.714   58.0541 58.2288
12.61  -59.6907 -58.7168   58.0736 58.2465
12.62  -59.6938 -58.7196   58.0928 58.264
12.63  -59.6969 -58.7224   58.1119 58.2814
12.64  -59.6999 -58.7252   58.1308 58.2986
12.65  -59.7029 -58.728   58.1495 58.3156
12.66  -59.7059 -58.7307   58.168 58.3324
12.67  -59.7088 -58.7334   58.1863 58.3491
12.68  -59.7117 -58.736   58.2044 58.3656
12.69  -59.7146 -58.7387   58.2224 58.382
12.7  -59.7175 -58.7413   58.2402 58.3982
12.71  -59.7203 -58.7439   58.2578 58.4142
12.72  -59.7231 -58.7465   58.2752 58.43
12.73  -59.7259 -58.749   58.2924 58.4457
12.74  -59.7286 -58.7515   58.3095 58.4613
12.75  -59.7313 -58.754   58.3264 58.4767
12.76  -59.734 -58.7564   58.3431 58.4919
12.77  -59.7367 -58.7589   58.3597 58.507
12.78  -59.7393 -58.7613   58.3761 58.5219
12.79  -59.7419 -58.7637   58.3924 58.5367
12.8  -59.7445 -58.766   58.4084 58.5513
12.81  -59.747 -58.7684   58.4243 58.5658
12.82  -59.7496 -58.7707   58.4401 58.5802
12.83  -59.7521 -58.773   58.4557 58.5943
12.84  -59.7545 -58.7753   58.4711 58.6084
12.85  -59.757 -58.7775   58.4864 58.6223
12.86  -59.7594 -58.7797   58.5016 58.6361
12.87  -59.7618 -58.7819   58.5166 58.6497
12.88  -59.7642 -58.7841   58.5314 58.6632
12.89  -59.7666 -58.7863   58.5461 58.6766
12.9  -59.7689 -58.7884   58.5606 58.6898
12.91  -59.7712 -58.7905   58.575 58.7029
12.92  -59.7735 -58.7926   58.5893 58.7159
12.93  -59.7758 -58.7947   58.6034 58.7288
12.94  -59.778 -58.7967   58.6173 58.7415
12.95  -59.7802 -58.7988   58.6312 58.7541
12.96  -59.7824 -58.8008   58.6448 58.7665
12.97  -59.7846 -58.8028   58.6584 58.7788
12.98  -59.7868 -58.8048   58.6718 58.7911
12.99  -59.7889 -58.8067   58.6851 58.8031
13  -59.791 -58.8086   58.6982 58.8151
13.01  -59.7931 -58.8106   58.7113 58.827
13.02  -59.7952 -58.8124   58.7242 58.8387
13.03  -59.7972 -58.8143   58.7369 58.8503
13.04  -59.7992 -58.8162   58.7495 58.8618
13.05  -59.8012 -58.818   58.762 58.8732
13.06  -59.8032 -58.8198   58.7744 58.8845
13.07  -59.8052 -58.8216   58.7867 58.8956
13.08  -59.8072 -58.8234   58.7988 58.9067
13.09  -59.8091 -58.8252   58.8108 58.9176
13.1  -59.811 -58.8269   58.8227 58.9284
13.11  -59.8129 -58.8287   58.8345 58.9391
13.12  -59.8147 -58.8304   58.8461 58.9497
13.13  -59.8166 -58.8321   58.8577 58.9602
13.14  -59.8184 -58.8338   58.8691 58.9706
13.15  -59.8203 -58.8354   58.8804 58.9809
13.16  -59.822 -58.8371   58.8916 58.9911
13.17  -59.8238 -58.8387   58.9027 59.0012
13.18  -59.8256 -58.8403   58.9137 59.0112
13.19  -59.8273 -58.8419   58.9245 59.0211
13.2  -59.8291 -58.8435   58.9353 59.0309
13.21  -59.8308 -58.8451   58.9459 59.0406
13.22  -59.8325 -58.8466   58.9565 59.0502
13.23  -59.8341 -58.8481   58.9669 59.0597
13.24  -59.8358 -58.8497   58.9772 59.0691
13.25  -59.8374 -58.8512   58.9875 59.0784
13.26  -59.8391 -58.8526   58.9976 59.0876
13.27  -59.8407 -58.8541   59.0076 59.0967
13.28  -59.8423 -58.8556   59.0175 59.1057
13.29  -59.8438 -58.857   59.0274 59.1147
13.3  -59.8454 -58.8585   59.0371 59.1235
13.31  -59.847 -58.8599   59.0467 59.1323
13.32  -59.8485 -58.8613   59.0563 59.141
13.33  -59.85 -58.8627   59.0657 59.1496
13.34  -59.8515 -58.864   59.075 59.1581
13.35  -59.853 -58.8654   59.0843 59.1665
13.36  -59.8545 -58.8667   59.0934 59.1748
13.37  -59.8559 -58.8681   59.1025 59.1831
13.38  -59.8573 -58.8694   59.1115 59.1913
13.39  -59.8588 -58.8707   59.1204 59.1993
13.4  -59.8602 -58.872   59.1292 59.2073
13.41  -59.8616 -58.8733   59.1379 59.2153
13.42  -59.863 -58.8745   59.1465 59.2231
13.43  -59.8643 -58.8758   59.155 59.2309
13.44  -59.8657 -58.877   59.1635 59.2386
13.45  -59.867 -58.8783   59.1718 59.2462
13.46  -59.8684 -58.8795   59.1801 59.2537
13.47  -59.8697 -58.8807   59.1883 59.2612
13.48  -59.871 -58.8819   59.1964 59.2686
13.49  -59.8723 -58.8831   59.2045 59.2759
13.5  -59.8736 -58.8842   59.2124 59.2831
13.51  -59.8748 -58.8854   59.2203 59.2903
13.52  -59.8761 -58.8865   59.2281 59.2974
13.53  -59.8773 -58.8877   59.2358 59.3044
13.54  -59.8785 -58.8888   59.2435 59.3114
13.55  -59.8798 -58.8899   59.251 59.3183
13.56  -59.881 -58.891   59.2585 59.3251
13.57  -59.8821 -58.8921   59.2659 59.3318
13.58  -59.8833 -58.8932   59.2733 59.3385
13.59  -59.8845 -58.8942   59.2805 59.3451
13.6  -59.8856 -58.8953   59.2877 59.3517
13.61  -59.8868 -58.8963   59.2949 59.3582
13.62  -59.8879 -58.8974   59.3019 59.3646
13.63  -59.889 -58.8984   59.3089 59.3709
13.64  -59.8902 -58.8994   59.3158 59.3772
13.65  -59.8913 -58.9004   59.3226 59.3835
13.66  -59.8923 -58.9014   59.3294 59.3896
13.67  -59.8934 -58.9024   59.3361 59.3957
13.68  -59.8945 -58.9034   59.3428 59.4018
13.69  -59.8955 -58.9044   59.3493 59.4078
13.7  -59.8966 -58.9053   59.3558 59.4137
13.71  -59.8976 -58.9063   59.3623 59.4195
13.72  -59.8986 -58.9072   59.3687 59.4253
13.73  -59.8997 -58.9081   59.375 59.4311
13.74  -59.9007 -58.909   59.3812 59.4368
13.75  -59.9016 -58.9099   59.3874 59.4424
13.76  -59.9026 -58.9108   59.3935 59.448
13.77  -59.9036 -58.9117   59.3996 59.4535
13.78  -59.9046 -58.9126   59.4056 59.459
13.79  -59.9055 -58.9135   59.4116 59.4644
13.8  -59.9065 -58.9144   59.4174 59.4697
13.81  -59.9074 -58.9152   59.4233 59.475
13.82  -59.9083 -58.9161   59.429 59.4803
13.83  -59.9092 -58.9169   59.4347 59.4855
13.84  -59.9102 -58.9177   59.4404 59.4906
13.85  -59.9111 -58.9186   59.446 59.4957
13.86  -59.9119 -58.9194   59.4515 59.5008
13.87  -59.9128 -58.9202   59.457 59.5058
13.88  -59.9137 -58.921   59.4624 59.5107
13.89  -59.9146 -58.9218   59.4678 59.5156
13.9  -59.9154 -58.9226   59.4731 59.5204
13.91  -59.9163 -58.9233   59.4784 59.5252
13.92  -59.9171 -58.9241   59.4836 59.53
13.93  -59.9179 -58.9249   59.4888 59.5347
13.94  -59.9187 -58.9256   59.4939 59.5393
13.95  -59.9196 -58.9263   59.499 59.5439
13.96  -59.9204 -58.9271   59.504 59.5485
13.97  -59.9212 -58.9278   59.5089 59.553
13.98  -59.9219 -58.9285   59.5138 59.5575
13.99  -59.9227 -58.9292   59.5187 59.5619
14  -59.9235 -58.93   59.5235 59.5663
14.01  -59.9243 -58.9307   59.5283 59.5706
14.02  -59.925 -58.9314   59.533 59.5749
14.03  -59.9258 -58.932   59.5377 59.5792
14.04  -59.9265 -58.9327   59.5423 59.5834
14.05  -59.9273 -58.9334   59.5469 59.5876
14.06  -59.928 -58.9341   59.5514 59.5917
14.07  -59.9287 -58.9347   59.5559 59.5958
14.08  -59.9294 -58.9354   59.5603 59.5998
14.09  -59.9301 -58.936   59.5647 59.6038
14.1  -59.9308 -58.9367   59.5691 59.6078
14.11  -59.9315 -58.9373   59.5734 59.6117
14.12  -59.9322 -58.9379   59.5777 59.6156
14.13  -59.9329 -58.9385   59.5819 59.6194
14.14  -59.9335 -58.9391   59.5861 59.6232
14.15  -59.9342 -58.9398   59.5902 59.627
14.16  -59.9349 -58.9404   59.5943 59.6307
14.17  -59.9355 -58.941   59.5984 59.6344
14.18  -59.9362 -58.9415   59.6024 59.6381
14.19  -59.9368 -58.9421   59.6063 59.6417
14.2  -59.9374 -58.9427   59.6103 59.6453
14.21  -59.9381 -58.9433   59.6142 59.6488
14.22  -59.9387 -58.9439   59.618 59.6523
14.23  -59.9393 -58.9444   59.6219 59.6558
14.24  -59.9399 -58.945   59.6256 59.6592
14.25  -59.9405 -58.9455   59.6294 59.6627
14.26  -59.9411 -58.9461   59.6331 59.666
14.27  -59.9417 -58.9466   59.6368 59.6694
14.28  -59.9423 -58.9471   59.6404 59.6727
14.29  -59.9428 -58.9477   59.644 59.6759
14.3  -59.9434 -58.9482   59.6475 59.6792
14.31  -59.944 -58.9487   59.6511 59.6824
14.32  -59.9445 -58.9492   59.6546 59.6856
14.33  -59.9451 -58.9497   59.658 59.6887
14.34  -59.9456 -58.9502   59.6614 59.6918
14.35  -59.9462 -58.9507   59.6648 59.6949
14.36  -59.9467 -58.9512   59.6682 59.698
14.37  -59.9473 -58.9517   59.6715 59.701
14.38  -59.9478 -58.9522   59.6748 59.704
14.39  -59.9483 -58.9527   59.678 59.7069
14.4  -59.9488 -58.9531   59.6812 59.7099
14.41  -59.9493 -58.9536   59.6844 59.7128
14.42  -59.9498 -58.9541   59.6876 59.7156
14.43  -59.9503 -58.9545   59.6907 59.7185
14.44  -59.9508 -58.955   59.6938 59.7213
14.45  -59.9513 -58.9554   59.6969 59.7241
14.46  -59.9518 -58.9559   59.6999 59.7268
14.47  -59.9523 -58.9563   59.7029 59.7296
14.48  -59.9528 -58.9568   59.7059 59.7323
14.49  -59.9533 -58.9572   59.7088 59.735
14.5  -59.9537 -58.9576   59.7117 59.7376
14.51  -59.9542 -58.958   59.7146 59.7402
14.52  -59.9546 -58.9585   59.7175 59.7428
14.53  -59.9551 -58.9589   59.7203 59.7454
14.54  -59.9555 -58.9593   59.7231 59.7479
14.55  -59.956 -58.9597   59.7259 59.7505
14.56  -59.9564 -58.9601   59.7286 59.753
14.57  -59.9569 -58.9605   59.7313 59.7554
14.58  -59.9573 -58.9609   59.734 59.7579
14.59  -59.9577 -58.9613   59.7367 59.7603
14.6  -59.9581 -58.9617   59.7393 59.7627
14.61  -59.9586 -58.9621   59.7419 59.7651
14.62  -59.959 -58.9624   59.7445 59.7674
14.63  -59.9594 -58.9628   59.747 59.7697
14.64  -59.9598 -58.9632   59.7496 59.772
14.65  -59.9602 -58.9636   59.7521 59.7743
14.66  -59.9606 -58.9639   59.7545 59.7766
14.67  -59.961 -58.9643   59.757 59.7788
14.68  -59.9614 -58.9646   59.7594 59.781
14.69  -59.9618 -58.965   59.7618 59.7832
14.7  -59.9621 -58.9653   59.7642 59.7854
14.71  -59.9625 -58.9657   59.7666 59.7875
14.72  -59.9629 -58.966   59.7689 59.7897
14.73  -59.9633 -58.9664   59.7712 59.7918
14.74  -59.9636 -58.9667   59.7735 59.7938
14.75  -59.964 -58.967   59.7758 59.7959
14.76  -59.9644 -58.9674   59.778 59.7979
14.77  -59.9647 -58.9677   59.7802 59.8
14.78  -59.9651 -58.968   59.7824 59.802
14.79  -59.9654 -58.9683   59.7846 59.8039
14.8  -59.9658 -58.9687   59.7868 59.8059
14.81  -59.9661 -58.969   59.7889 59.8078
14.82  -59.9664 -58.9693   59.791 59.8098
14.83  -59.9668 -58.9696   59.7931 59.8117
14.84  -59.9671 -58.9699   59.7952 59.8136
14.85  -59.9674 -58.9702   59.7972 59.8154
14.86  -59.9678 -58.9705   59.7992 59.8173
14.87  -59.9681 -58.9708   59.8012 59.8191
14.88  -59.9684 -58.9711   59.8032 59.8209
14.89  -59.9687 -58.9714   59.8052 59.8227
14.9  -59.969 -58.9717   59.8072 59.8245
14.91  -59.9693 -58.9719   59.8091 59.8262
14.92  -59.9697 -58.9722   59.811 59.828
14.93  -59.97 -58.9725   59.8129 59.8297
14.94  -59.9703 -58.9728   59.8148 59.8314
14.95  -59.9706 -58.973   59.8166 59.8331
14.96  -59.9709 -58.9733   59.8184 59.8347
14.97  -59.9711 -58.9736   59.8203 59.8364
14.98  -59.9714 -58.9738   59.8221 59.838
14.99  -59.9717 -58.9741   59.8238 59.8396
15  -59.972 -58.9744   59.8256 59.8412
15.01  -59.9723 -58.9746   59.8273 59.8428
15.02  -59.9726 -58.9749   59.8291 59.8444
15.03  -59.9728 -58.9751   59.8308 59.846
15.04  -59.9731 -58.9754   59.8325 59.8475
15.05  -59.9734 -58.9756   59.8341 59.849
15.06  -59.9736 -58.9759   59.8358 59.8505
15.07  -59.9739 -58.9761   59.8374 59.852
15.08  -59.9742 -58.9763   59.8391 59.8535
15.09  -59.9744 -58.9766   59.8407 59.855
15.1  -59.9747 -58.9768   59.8423 59.8564
15.11  -59.9749 -58.977   59.8438 59.8579
15.12  -59.9752 -58.9773   59.8454 59.8593
15.13  -59.9754 -58.9775   59.847 59.8607
15.14  -59.9757 -58.9777   59.8485 59.8621
15.15  -59.9759 -58.9779   59.85 59.8635
15.16  -59.9762 -58.9782   59.8515 59.8648
15.17  -59.9764 -58.9784   59.853 59.8662
15.18  -59.9766 -58.9786   59.8545 59.8675
15.19  -59.9769 -58.9788   59.8559 59.8688
15.2  -59.9771 -58.979   59.8573 59.8702
15.21  -59.9773 -58.9792   59.8588 59.8715
15.22  -59.9776 -58.9794   59.8602 59.8727
15.23  -59.9778 -58.9797   59.8616 59.874
15.24  -59.978 -58.9799   59.863 59.8753
15.25  -59.9782 -58.9801   59.8643 59.8765
15.26  -59.9784 -58.9803   59.8657 59.8778
15.27  -59.9787 -58.9805   59.867 59.879
15.28  -59.9789 -58.9807   59.8684 59.8802
15.29  -59.9791 -58.9808   59.8697 59.8814
15.3  -59.9793 -58.981   59.871 59.8826
15.31  -59.9795 -58.9812   59.8723 59.8837
15.32  -59.9797 -58.9814   59.8736 59.8849
15.33  -59.9799 -58.9816   59.8748 59.8861
15.34  -59.9801 -58.9818   59.8761 59.8872
15.35  -59.9803 -58.982   59.8773 59.8883
15.36  -59.9805 -58.9821   59.8785 59.8894
15.37  -59.9807 -58.9823   59.8798 59.8905
15.38  -59.9809 -58.9825   59.881 59.8916
15.39  -59.9811 -58.9827   59.8821 59.8927
15.4  -59.9813 -58.9828   59.8833 59.8938
15.41  -59.9815 -58.983   59.8845 59.8949
15.42  -59.9816 -58.9832   59.8856 59.8959
15.43  -59.9818 -58.9834   59.8868 59.897
15.44  -59.982 -58.9835   59.8879 59.898
15.45  -59.9822 -58.9837   59.889 59.899
15.46  -59.9824 -58.9839   59.8902 59.9
15.47  -59.9825 -58.984   59.8913 59.901
15.48  -59.9827 -58.9842   59.8923 59.902
15.49  -59.9829 -58.9843   59.8934 59.903
15.5  -59.9831 -58.9845   59.8945 59.904
15.51  -59.9832 -58.9846   59.8955 59.9049
15.52  -59.9834 -58.9848   59.8966 59.9059
15.53  -59.9836 -58.9849   59.8976 59.9068
15.54  -59.9837 -58.9851   59.8986 59.9077
15.55  -59.9839 -58.9852   59.8997 59.9087
15.56  -59.9841 -58.9854   59.9007 59.9096
15.57  -59.9842 -58.9855   59.9017 59.9105
15.58  -59.9844 -58.9857   59.9026 59.9114
15.59  -59.9845 -58.9858   59.9036 59.9123
15.6  -59.9847 -58.986   59.9046 59.9131
15.61  -59.9848 -58.9861   59.9055 59.914
15.62  -59.985 -58.9863   59.9065 59.9149
15.63  -59.9851 -58.9864   59.9074 59.9157
15.64  -59.9853 -58.9865   59.9083 59.9166
15.65  -59.9854 -58.9867   59.9092 59.9174
15.66  -59.9856 -58.9868   59.9102 59.9182
15.67  -59.9857 -58.9869   59.9111 59.919
15.68  -59.9859 -58.9871   59.9119 59.9198
15.69  -59.986 -58.9872   59.9128 59.9207
15.7  -59.9861 -58.9873   59.9137 59.9214
15.71  -59.9863 -58.9874   59.9146 59.9222
15.72  -59.9864 -58.9876   59.9154 59.923
15.73  -59.9866 -58.9877   59.9163 59.9238
15.74  -59.9867 -58.9878   59.9171 59.9245
15.75  -59.9868 -58.9879   59.9179 59.9253
15.76  -59.987 -58.9881   59.9187 59.926
15.77  -59.9871 -58.9882   59.9196 59.9268
15.78  -59.9872 -58.9883   59.9204 59.9275
15.79  -59.9873 -58.9884   59.9212 59.9282
15.8  -59.9875 -58.9885   59.9219 59.929
15.81  -59.9876 -58.9886   59.9227 59.9297
15.82  -59.9877 -58.9888   59.9235 59.9304
15.83  -59.9878 -58.9889   59.9243 59.9311
15.84  -59.988 -58.989   59.925 59.9318
15.85  -59.9881 -58.9891   59.9258 59.9324
15.86  -59.9882 -58.9892   59.9265 59.9331
